7.477636933326721191e-01 7.444441914558410645e-01
-6.520062685012817383e-02 9.539980441331863403e-03
6.623885035514831543e-01 6.750294566154479980e-01
6.657679080963134766e-01 6.459833383560180664e-01
4.854578971862792969e-01 4.777016937732696533e-01
8.472509682178497314e-02 4.183127731084823608e-02
8.624302744865417480e-01 8.513897657394409180e-01
7.115248441696166992e-01 7.121918797492980957e-01
1.791736781597137451e-01 2.163651287555694580e-01
6.120206117630004883e-01 6.068200469017028809e-01
-3.589962422847747803e-02 -8.248049765825271606e-03
5.156613588333129883e-01 5.217949748039245605e-01
4.181808531284332275e-01 4.098289012908935547e-01
6.864110231399536133e-01 6.853520274162292480e-01
7.926617860794067383e-01 7.071102261543273926e-01
2.337585538625717163e-01 2.556124031543731689e-01
1.853062659502029419e-01 1.649590134620666504e-01
1.833536922931671143e-01 1.398830413818359375e-01
-4.790079966187477112e-02 -1.169203147292137146e-01
9.659159183502197266e-01 9.118388295173645020e-01
8.839448690414428711e-01 8.639429807662963867e-01
3.261739313602447510e-01 3.569651544094085693e-01
3.996205329895019531e-01 4.064400792121887207e-01
3.742837011814117432e-01 3.556599617004394531e-01
3.663934171199798584e-01 3.170187771320343018e-01
2.324622422456741333e-01 1.826720535755157471e-01
6.010698080062866211e-01 6.055520176887512207e-01
5.111013054847717285e-01 4.998643100261688232e-01
1.772114336490631104e-01 1.611636430025100708e-01
7.177149653434753418e-01 7.283672094345092773e-01
3.008767068386077881e-01 3.177154064178466797e-01
2.721866667270660400e-01 2.931189537048339844e-01
5.074913501739501953e-01 5.217862129211425781e-01
8.280843496322631836e-01 8.352059125900268555e-01
3.908976912498474121e-01 3.517575263977050781e-01
7.860659360885620117e-01 7.599852681159973145e-01
2.971835434436798096e-01 2.867373526096343994e-01
2.421061247587203979e-01 2.603218257427215576e-01
6.030361056327819824e-01 5.868824124336242676e-01
6.354339122772216797e-01 6.279968619346618652e-01
-5.999220535159111023e-02 4.581084847450256348e-02
1.450250893831253052e-01 1.166267171502113342e-01
4.365522861480712891e-01 4.451893270015716553e-01
6.618051528930664062e-01 6.718198657035827637e-01
2.333299368619918823e-01 2.523873150348663330e-01
4.430818557739257812e-02 1.299244314432144165e-01
-5.200656875967979431e-02 -3.515198081731796265e-02
9.876162409782409668e-01 9.350138902664184570e-01
-1.050886809825897217e-01 -2.264301478862762451e-02
1.439330279827117920e-01 1.764224469661712646e-01
-1.109630391001701355e-01 -6.451163440942764282e-02
3.553286790847778320e-01 3.559883832931518555e-01
-1.052655559033155441e-02 -5.340885370969772339e-03
5.328063964843750000e-01 5.518686175346374512e-01
3.672717809677124023e-01 3.636905252933502197e-01
-4.266266897320747375e-02 -5.649571865797042847e-02
2.197548896074295044e-01 1.877483427524566650e-01
6.803181171417236328e-01 7.303810715675354004e-01
4.361931383609771729e-01 4.452570378780364990e-01
8.191958069801330566e-01 8.170810341835021973e-01
2.285706698894500732e-01 2.413705885410308838e-01
-1.785577088594436646e-02 4.235139489173889160e-02
6.733086705207824707e-02 3.580930083990097046e-02
3.936071693897247314e-01 4.055672585964202881e-01
3.527821302413940430e-01 3.464106321334838867e-01
6.759748458862304688e-01 6.605919599533081055e-01
-1.794064193964004517e-01 -1.353157758712768555e-01
7.996574044227600098e-01 7.994208335876464844e-01
5.190095901489257812e-01 5.158924460411071777e-01
6.882747411727905273e-01 7.218416929244995117e-01
2.333866059780120850e-01 2.616002261638641357e-01
2.737472653388977051e-01 2.399418056011199951e-01
1.496636718511581421e-01 1.215367168188095093e-01
6.710837483406066895e-01 6.643280982971191406e-01
5.641850233078002930e-01 5.646719932556152344e-01
3.909756541252136230e-01 3.489175438880920410e-01
5.972003936767578125e-01 6.085281968116760254e-01
5.800088495016098022e-02 5.257674679160118103e-02
3.756874203681945801e-01 3.535757660865783691e-01
9.006462693214416504e-01 9.428116679191589355e-01
4.586845934391021729e-01 4.509651660919189453e-01
8.153703212738037109e-01 7.786367535591125488e-01
1.133953034877777100e-01 7.902476191520690918e-02
3.245010972023010254e-01 2.892677485942840576e-01
5.066245198249816895e-01 5.054910182952880859e-01
4.107739031314849854e-01 4.256410002708435059e-01
-1.647717952728271484e-01 -1.398282051086425781e-01
3.692463338375091553e-01 3.818541765213012695e-01
3.536535501480102539e-01 3.786945044994354248e-01
1.956853419542312622e-01 1.732684522867202759e-01
6.715937256813049316e-01 6.589683294296264648e-01
1.671238541603088379e-01 2.054479531943798065e-02
2.971191406250000000e-01 3.444447517395019531e-01
1.799865663051605225e-01 1.828557550907135010e-01
-5.450974777340888977e-02 1.078723743557929993e-02
1.634276509284973145e-01 1.609346568584442139e-01
1.908338069915771484e-02 3.063170984387397766e-02
2.876711487770080566e-01 2.740041315555572510e-01
4.593081772327423096e-01 4.759916961193084717e-01
2.391348332166671753e-01 2.460151612758636475e-01
6.339122056961059570e-01 6.215893626213073730e-01
2.938942611217498779e-01 2.983282208442687988e-01
1.646870970726013184e-01 -4.195493459701538086e-02
9.626390337944030762e-01 9.831094145774841309e-01
6.062361598014831543e-01 5.915607810020446777e-01
3.922072947025299072e-01 4.154111444950103760e-01
4.566537216305732727e-02 4.873535037040710449e-02
1.263918876647949219e-01 1.137914881110191345e-01
8.244130611419677734e-01 8.041903972625732422e-01
5.897560715675354004e-02 1.035160794854164124e-01
5.771175622940063477e-01 5.522307157516479492e-01
4.712951183319091797e-01 4.719266891479492188e-01
3.185330331325531006e-01 3.156020343303680420e-01
1.149815469980239868e-01 1.023462116718292236e-01
3.868301808834075928e-01 4.112612903118133545e-01
2.926145493984222412e-01 2.696019113063812256e-01
1.824251860380172729e-01 2.142803966999053955e-01
4.505786597728729248e-01 4.342943727970123291e-01
7.859513163566589355e-01 7.633374333381652832e-01
1.813078373670578003e-01 2.056752741336822510e-01
6.379982233047485352e-01 6.232137680053710938e-01
6.047367453575134277e-01 6.141672730445861816e-01
8.170060515403747559e-01 8.439915180206298828e-01
1.018884554505348206e-01 1.020649969577789307e-01
7.548196315765380859e-01 7.375289797782897949e-01
4.577202796936035156e-01 4.903603792190551758e-01
8.980482220649719238e-01 8.555098772048950195e-01
-9.791942685842514038e-02 -7.651168853044509888e-02
2.310570329427719116e-01 2.811663448810577393e-01
8.181562423706054688e-01 8.188221454620361328e-01
5.969393849372863770e-01 6.009514927864074707e-01
2.942328155040740967e-01 3.050323426723480225e-01
3.900561332702636719e-01 4.030383527278900146e-01
8.591458201408386230e-01 8.676333427429199219e-01
8.194745182991027832e-01 8.224923610687255859e-01
5.717375874519348145e-01 6.095924377441406250e-01
8.568705916404724121e-01 8.594427704811096191e-01
4.164083003997802734e-01 4.423969089984893799e-01
-4.997591301798820496e-02 -7.498068362474441528e-02
5.478988885879516602e-01 5.280938744544982910e-01
3.349100649356842041e-01 3.313837945461273193e-01
5.410233885049819946e-02 7.271514087915420532e-02
3.911427557468414307e-01 4.567826986312866211e-01
8.279947191476821899e-02 4.835844784975051880e-02
6.500127315521240234e-01 6.429603099822998047e-01
3.999951183795928955e-01 4.234360754489898682e-01
7.157349586486816406e-01 6.854529976844787598e-01
9.661037325859069824e-01 9.352424144744873047e-01
2.039661705493927002e-01 2.116751372814178467e-01
4.704253375530242920e-02 1.154660210013389587e-01
6.870957016944885254e-01 7.128612995147705078e-01
3.101017773151397705e-01 1.027576848864555359e-01
7.354620099067687988e-01 7.211643457412719727e-01
7.681134343147277832e-02 9.367009997367858887e-02
9.949288368225097656e-01 9.467707872390747070e-01
4.486560225486755371e-01 4.335096478462219238e-01
3.879851698875427246e-01 3.711441457271575928e-01
6.078025698661804199e-01 5.897030234336853027e-01
4.037978053092956543e-01 4.267184436321258545e-01
1.865253746509552002e-01 2.049343287944793701e-01
3.269904255867004395e-01 3.383013308048248291e-01
6.336459517478942871e-01 6.331742405891418457e-01
1.277737468481063843e-01 1.282960772514343262e-01
4.417499899864196777e-01 4.409047365188598633e-01
6.929092407226562500e-01 6.667392849922180176e-01
3.247008025646209717e-01 3.380332291126251221e-01
2.685719132423400879e-01 2.536817193031311035e-01
7.242298126220703125e-01 7.347131967544555664e-01
3.470826447010040283e-01 3.297744095325469971e-01
5.925028920173645020e-01 5.891824960708618164e-01
3.209608793258666992e-01 3.118667304515838623e-01
5.229577422142028809e-01 5.275452136993408203e-01
-3.450967743992805481e-02 -2.796972543001174927e-02
6.080067157745361328e-01 5.994176268577575684e-01
3.606575727462768555e-01 4.361481964588165283e-01
3.808972835540771484e-01 3.206621110439300537e-01
1.478484123945236206e-01 1.154305413365364075e-01
5.979184508323669434e-01 6.100792288780212402e-01
-6.626427173614501953e-02 -3.274822235107421875e-02
9.418007135391235352e-01 9.281141757965087891e-01
4.434958696365356445e-01 4.244467914104461670e-01
7.191259264945983887e-01 7.102750539779663086e-01
8.314165472984313965e-01 7.832756042480468750e-01
7.307386398315429688e-01 7.016691565513610840e-01
3.125140368938446045e-01 3.248675465583801270e-01
4.060232639312744141e-01 4.225581288337707520e-01
8.051623106002807617e-01 8.309456706047058105e-01
3.393082618713378906e-01 3.700666725635528564e-01
6.120724678039550781e-01 5.872429013252258301e-01
5.281120538711547852e-01 5.238384604454040527e-01
8.361432552337646484e-01 8.671668767929077148e-01
1.849776804447174072e-01 2.062675952911376953e-01
3.737987205386161804e-02 2.530998177826404572e-02
2.623482644557952881e-01 2.813521921634674072e-01
5.878346562385559082e-01 6.087518930435180664e-01
3.265232443809509277e-01 3.289071321487426758e-01
2.163124829530715942e-01 2.312905192375183105e-01
6.677113473415374756e-02 7.431325316429138184e-02
3.789905905723571777e-01 3.442380726337432861e-01
5.949493050575256348e-01 6.248173117637634277e-01
1.827831268310546875e-01 2.202575206756591797e-01
3.128081262111663818e-01 3.429192304611206055e-01
2.383678704500198364e-01 5.117191746830940247e-02
4.396440461277961731e-02 5.498888716101646423e-02
6.016879901289939880e-02 5.347816273570060730e-02
7.403030395507812500e-01 7.970104217529296875e-01
8.972714096307754517e-02 7.051441818475723267e-02
2.695211470127105713e-01 2.711056470870971680e-01
4.222949445247650146e-01 4.309161901473999023e-01
5.273028016090393066e-01 5.581600069999694824e-01
6.732910275459289551e-01 6.348633170127868652e-01
4.784957170486450195e-01 5.074394941329956055e-01
7.807662338018417358e-02 8.465936779975891113e-02
4.298847615718841553e-01 4.986454844474792480e-01
8.205537796020507812e-01 8.684888482093811035e-01
2.701352834701538086e-01 2.563333809375762939e-01
2.741207778453826904e-01 2.791807949542999268e-01
2.140960842370986938e-02 5.203798413276672363e-03
3.947013616561889648e-01 4.222863912582397461e-01
-1.194920241832733154e-01 -9.826558083295822144e-02
6.903637945652008057e-02 7.793857902288436890e-02
1.281693428754806519e-01 9.501026570796966553e-02
5.966140031814575195e-01 6.293800473213195801e-01
6.744453310966491699e-01 6.956962347030639648e-01
6.155716180801391602e-01 6.166152954101562500e-01
7.365149855613708496e-01 7.411041259765625000e-01
8.938475847244262695e-01 8.846152424812316895e-01
-1.997378468513488770e-02 4.285838454961776733e-02
9.260343760251998901e-02 1.035366654396057129e-01
2.258401215076446533e-01 2.428294718265533447e-01
9.756918549537658691e-01 9.780555963516235352e-01
4.055738151073455811e-01 4.117204248905181885e-01
6.062529087066650391e-01 6.064130663871765137e-01
4.848406612873077393e-01 4.869039952754974365e-01
4.816818833351135254e-01 4.710839986801147461e-01
9.762386232614517212e-02 8.273173868656158447e-02
1.954996287822723389e-01 1.992725729942321777e-01
7.791624218225479126e-02 5.094015598297119141e-02
7.903595566749572754e-01 7.789943814277648926e-01
3.992028236389160156e-01 3.737524747848510742e-01
3.088515102863311768e-01 3.119466900825500488e-01
8.236346244812011719e-01 8.691778182983398438e-01
2.090353965759277344e-01 1.712349653244018555e-01
2.889309525489807129e-01 2.612950205802917480e-01
4.024472236633300781e-01 3.642197847366333008e-01
9.626498818397521973e-01 9.438840746879577637e-01
5.275517702102661133e-01 5.265979766845703125e-01
1.960680186748504639e-01 1.960409283638000488e-01
8.564490675926208496e-01 8.700709342956542969e-01
6.007236242294311523e-01 5.981254577636718750e-01
2.567355930805206299e-01 2.773416340351104736e-01
4.415216743946075439e-01 4.438719153404235840e-01
6.596459746360778809e-01 6.862645745277404785e-01
2.467675209045410156e-01 2.263101637363433838e-01
8.245455622673034668e-01 8.270410299301147461e-01
4.706695377826690674e-01 4.709036350250244141e-01
3.100231587886810303e-01 2.973083853721618652e-01
7.473696470260620117e-01 7.247802019119262695e-01
3.359610140323638916e-01 3.254090845584869385e-01
3.560699522495269775e-01 3.472398519515991211e-01
3.536797463893890381e-01 3.368283808231353760e-01
3.307636380195617676e-01 3.222002983093261719e-01
5.229340791702270508e-01 5.179815888404846191e-01
5.897243618965148926e-01 5.805618166923522949e-01
7.830624580383300781e-01 7.821410894393920898e-01
7.189053893089294434e-01 7.354577779769897461e-01
1.689033657312393188e-01 1.329044103622436523e-01
5.229629874229431152e-01 5.258600711822509766e-01
5.983466506004333496e-01 6.175415515899658203e-01
4.276090860366821289e-01 4.006166756153106689e-01
6.222336888313293457e-01 6.177981495857238770e-01
3.973594903945922852e-01 3.883625566959381104e-01
6.131436824798583984e-01 6.084942221641540527e-01
-1.023688819259405136e-02 7.853489369153976440e-03
5.634995698928833008e-01 5.579775571823120117e-01
5.097454786300659180e-01 5.163646340370178223e-01
4.817174971103668213e-01 4.462984800338745117e-01
3.188816010951995850e-01 3.519981205463409424e-01
2.737453579902648926e-01 2.902629971504211426e-01
4.023072421550750732e-01 4.046140909194946289e-01
5.863819122314453125e-01 5.692318081855773926e-01
5.170500874519348145e-01 5.246908068656921387e-01
2.548394203186035156e-01 2.423822879791259766e-01
4.100193381309509277e-01 4.151054024696350098e-01
1.612668335437774658e-01 1.650142967700958252e-01
4.090297818183898926e-01 4.004859626293182373e-01
3.632915318012237549e-01 3.967930376529693604e-01
-2.651555463671684265e-02 5.231969058513641357e-03
2.226258218288421631e-01 2.192862629890441895e-01
3.729270100593566895e-01 3.703640699386596680e-01
6.916778683662414551e-01 6.691566705703735352e-01
7.049894928932189941e-01 7.001802325248718262e-01
4.095688164234161377e-01 4.212878942489624023e-01
7.502031326293945312e-01 7.862573862075805664e-01
4.335615336894989014e-01 4.208846688270568848e-01
2.841511070728302002e-01 2.943172156810760498e-01
2.172759920358657837e-01 1.894681751728057861e-01
9.384236931800842285e-01 9.443737268447875977e-01
1.405924856662750244e-01 1.260558664798736572e-01
-1.904610246419906616e-01 -9.685509651899337769e-02
8.122672140598297119e-02 9.346430003643035889e-02
4.615552127361297607e-01 4.885329306125640869e-01
2.708276212215423584e-01 2.843638658523559570e-01
3.920621573925018311e-01 3.708059191703796387e-01
2.463016808032989502e-01 2.446110248565673828e-01
2.644211947917938232e-01 2.580704987049102783e-01
4.929620027542114258e-01 4.684545099735260010e-01
4.458018839359283447e-01 4.515095353126525879e-01
3.309971466660499573e-02 1.057800203561782837e-01
3.454165160655975342e-01 3.407370448112487793e-01
4.769490063190460205e-01 4.972452521324157715e-01
3.069478273391723633e-01 3.218019902706146240e-01
1.944997012615203857e-01 1.883072555065155029e-01
4.657329022884368896e-01 4.785018861293792725e-01
4.853575825691223145e-01 4.868865907192230225e-01
2.440381497144699097e-01 2.776328325271606445e-01
2.769026756286621094e-01 2.927429378032684326e-01
2.400345802307128906e-01 2.443873882293701172e-01
4.947459995746612549e-01 4.673984646797180176e-01
9.145893454551696777e-01 9.177626371383666992e-01
3.806533813476562500e-01 3.965517282485961914e-01
3.749744594097137451e-01 3.669902384281158447e-01
2.107389718294143677e-01 2.232164144515991211e-01
3.926500082015991211e-01 3.850346803665161133e-01
5.236647725105285645e-01 5.446363687515258789e-01
1.677427738904953003e-01 1.464444696903228760e-01
2.145029008388519287e-01 1.937217116355895996e-01
1.238433737307786942e-02 -1.861424744129180908e-02
2.998903095722198486e-01 2.718249261379241943e-01
1.912449449300765991e-01 1.776370406150817871e-01
5.222976207733154297e-01 5.315489768981933594e-01
3.856776058673858643e-01 3.896234631538391113e-01
2.750547528266906738e-01 2.291759550571441650e-01
5.805529356002807617e-01 5.990038514137268066e-01
1.177218705415725708e-01 1.548973321914672852e-01
7.682670950889587402e-01 7.532390356063842773e-01
3.321326971054077148e-01 3.326133191585540771e-01
4.879079759120941162e-01 4.716162979602813721e-01
2.916970551013946533e-01 2.803749144077301025e-01
2.348600625991821289e-01 2.400714755058288574e-01
1.232866793870925903e-01 1.151560470461845398e-01
3.259385824203491211e-01 3.067353963851928711e-01
4.463084340095520020e-01 4.399925768375396729e-01
4.547312557697296143e-01 4.415920674800872803e-01
2.642759978771209717e-01 2.841410934925079346e-01
8.217561990022659302e-02 1.251465082168579102e-01
1.367468684911727905e-01 1.180060729384422302e-01
8.768957853317260742e-01 8.741025328636169434e-01
1.841168850660324097e-01 1.730523407459259033e-01
4.341765046119689941e-01 4.533060491085052490e-01
-1.537754833698272705e-01 -1.490787267684936523e-01
4.806136488914489746e-01 4.612829685211181641e-01
9.132755398750305176e-01 8.896164298057556152e-01
5.826431512832641602e-01 5.962959527969360352e-01
4.488757550716400146e-01 4.695949554443359375e-01
1.021534278988838196e-01 6.622347235679626465e-02
4.765707850456237793e-01 4.814225733280181885e-01
6.561028361320495605e-01 6.340644359588623047e-01
3.617855906486511230e-01 3.858982622623443604e-01
3.183613419532775879e-01 2.964764535427093506e-01
2.112731784582138062e-01 2.278136909008026123e-01
1.158127710223197937e-01 9.493393450975418091e-02
8.762419223785400391e-01 9.627342224121093750e-01
4.436148107051849365e-01 4.260680973529815674e-01
1.720133274793624878e-01 1.379949152469635010e-01
3.267393112182617188e-01 3.056524693965911865e-01
2.005767077207565308e-01 2.105122506618499756e-01
4.803720116615295410e-01 4.776371419429779053e-01
4.221047163009643555e-01 4.191982150077819824e-01
-1.606322526931762695e-01 1.096917092800140381e-01
5.318660140037536621e-01 5.223615169525146484e-01
9.592103958129882812e-01 9.661933183670043945e-01
6.230206489562988281e-01 6.329818964004516602e-01
2.832780778408050537e-01 3.010180890560150146e-01
2.081818431615829468e-01 2.179997563362121582e-01
1.496020257472991943e-01 1.084016785025596619e-01
3.814658224582672119e-01 3.803649246692657471e-01
1.599410176277160645e-02 4.536163061857223511e-02
6.598569452762603760e-02 2.710419334471225739e-02
4.177606701850891113e-01 4.210605621337890625e-01
7.818921208381652832e-01 7.515087723731994629e-01
2.152766585350036621e-01 1.887888610363006592e-01
6.029328703880310059e-01 5.949606299400329590e-01
3.540441393852233887e-01 3.376367688179016113e-01
7.088980078697204590e-01 7.024035453796386719e-01
2.004809230566024780e-01 2.241009473800659180e-01
6.002514362335205078e-01 5.855407118797302246e-01
3.241105973720550537e-01 3.208217322826385498e-01
-1.054020039737224579e-02 -5.645371973514556885e-03
-1.708243228495121002e-02 2.451210655272006989e-02
8.419637680053710938e-01 8.432899117469787598e-01
1.588881611824035645e-01 1.272841095924377441e-01
6.923794746398925781e-01 6.848192811012268066e-01
5.987591147422790527e-01 6.170765161514282227e-01
7.563607096672058105e-01 7.577711939811706543e-01
1.032927706837654114e-01 1.106582507491111755e-01
1.777553707361221313e-01 1.891963779926300049e-01
-8.736270479857921600e-03 -1.131090521812438965e-02
3.250992298126220703e-01 3.551357984542846680e-01
3.001042008399963379e-01 3.044967949390411377e-01
5.775925517082214355e-01 5.629452466964721680e-01
3.109639585018157959e-01 3.159152269363403320e-01
4.633828699588775635e-01 4.386235773563385010e-01
2.186327576637268066e-01 2.053937613964080811e-01
2.264595031738281250e-01 2.973848283290863037e-01
-1.341390162706375122e-01 -9.377709776163101196e-02
4.725007116794586182e-01 4.567563831806182861e-01
7.156867384910583496e-01 7.277557849884033203e-01
7.591134309768676758e-01 7.411866784095764160e-01
4.683548212051391602e-01 5.167223811149597168e-01
6.679711341857910156e-01 6.586065888404846191e-01
4.436336085200309753e-02 5.837811157107353210e-02
1.812675595283508301e-01 1.832236349582672119e-01
2.220439761877059937e-01 2.444740235805511475e-01
4.162659347057342529e-01 4.063821732997894287e-01
8.409130573272705078e-02 6.392484158277511597e-02
-1.370009779930114746e-02 -5.009116232395172119e-02
4.525844752788543701e-01 4.322233498096466064e-01
1.385409832000732422e-01 1.230640709400177002e-01
4.577026963233947754e-01 5.054306983947753906e-01
6.151414513587951660e-01 6.030991077423095703e-01
-2.985536493360996246e-02 4.295982420444488525e-02
5.196505188941955566e-01 4.799261689186096191e-01
4.506422281265258789e-01 4.796306490898132324e-01
1.685240119695663452e-01 1.432094275951385498e-01
4.026851952075958252e-01 3.913166821002960205e-01
7.018576264381408691e-01 6.878933310508728027e-01
1.150003746151924133e-01 1.439516246318817139e-01
1.041648313403129578e-01 1.404495835304260254e-01
1.282718032598495483e-01 1.152134910225868225e-01
1.788647472858428955e-01 2.077145874500274658e-01
5.661314725875854492e-01 5.523611903190612793e-01
5.685971379280090332e-01 6.054605841636657715e-01
7.231181859970092773e-01 7.243065834045410156e-01
1.223664451390504837e-02 -6.354238837957382202e-03
3.684531450271606445e-01 3.730724155902862549e-01
6.443232893943786621e-01 6.457549929618835449e-01
4.133555293083190918e-01 4.170607626438140869e-01
4.580778479576110840e-01 4.555676579475402832e-01
-2.848558500409126282e-02 3.577884286642074585e-03
8.071020245552062988e-02 9.366004168987274170e-02
4.737884402275085449e-01 4.914351105690002441e-01
2.662380039691925049e-01 2.324543297290802002e-01
-1.186661049723625183e-01 -1.086394712328910828e-01
1.404371857643127441e-01 8.735109865665435791e-02
6.111673116683959961e-01 6.155322194099426270e-01
4.964678734540939331e-02 1.604339107871055603e-02
7.258017063140869141e-01 7.399703264236450195e-01
6.782512664794921875e-01 6.741567850112915039e-01
6.240149736404418945e-01 6.684606075286865234e-01
6.376782655715942383e-01 6.124152541160583496e-01
3.722231090068817139e-01 3.299954831600189209e-01
2.829656004905700684e-01 2.658143341541290283e-01
2.567638754844665527e-01 2.365028560161590576e-01
4.832097887992858887e-01 5.051553249359130859e-01
-3.487287089228630066e-02 -3.459261357784271240e-02
7.874463796615600586e-01 7.977041602134704590e-01
6.871768236160278320e-01 7.030331492424011230e-01
5.735791921615600586e-01 5.332456827163696289e-01
4.270116612315177917e-02 4.588874429464340210e-02
3.359479308128356934e-01 3.159135580062866211e-01
1.172704249620437622e-01 1.160258874297142029e-01
7.347951531410217285e-01 7.518849372863769531e-01
2.083182334899902344e-01 1.589394509792327881e-01
4.786371886730194092e-01 4.740999937057495117e-01
1.205235645174980164e-01 9.301142394542694092e-02
4.725839793682098389e-01 4.940919876098632812e-01
2.493537813425064087e-01 2.432236373424530029e-01
3.152430653572082520e-01 2.948222756385803223e-01
7.163563370704650879e-01 6.986056566238403320e-01
6.285231709480285645e-01 6.078887581825256348e-01
7.418210506439208984e-01 7.442403435707092285e-01
2.903777360916137695e-01 3.095938861370086670e-01
1.955723464488983154e-01 1.903580427169799805e-01
8.350258320569992065e-02 6.707131862640380859e-02
3.672902584075927734e-01 3.441112041473388672e-01
-1.833549290895462036e-01 -2.511255443096160889e-03
3.505743741989135742e-01 3.591274619102478027e-01
-5.827450379729270935e-02 -7.384108752012252808e-02
6.291019320487976074e-01 6.003819704055786133e-01
3.650441467761993408e-01 3.587181270122528076e-01
2.294484078884124756e-01 2.238818407058715820e-01
4.662405848503112793e-01 4.913108348846435547e-01
3.338009417057037354e-01 3.376609086990356445e-01
6.290330886840820312e-01 6.158896684646606445e-01
2.974029779434204102e-01 3.029479384422302246e-01
5.402433872222900391e-01 5.466424822807312012e-01
2.464476823806762695e-01 2.257776856422424316e-01
3.197280168533325195e-01 3.235295414924621582e-01
3.403038382530212402e-01 3.345477283000946045e-01
5.636042952537536621e-01 5.295883417129516602e-01
4.826463460922241211e-01 4.985770881175994873e-01
7.986046671867370605e-01 7.646226882934570312e-01
5.553083419799804688e-01 5.297195911407470703e-01
7.527485489845275879e-01 7.445482015609741211e-01
9.236121177673339844e-01 9.297391772270202637e-01
8.656569756567478180e-03 2.252216637134552002e-02
4.095527827739715576e-01 3.961081504821777344e-01
5.217650532722473145e-01 5.093652009963989258e-01
1.465345621109008789e-01 1.152578070759773254e-01
2.026554048061370850e-01 1.925992667675018311e-01
1.827417314052581787e-01 1.997682452201843262e-01
1.876546293497085571e-01 2.207103669643402100e-01
5.328237414360046387e-01 5.197156667709350586e-01
4.737374782562255859e-01 4.839221537113189697e-01
5.022056698799133301e-01 5.108330249786376953e-01
3.428223729133605957e-01 3.639886677265167236e-01
7.064133882522583008e-01 7.145064473152160645e-01
5.350790619850158691e-01 5.514120459556579590e-01
7.087007164955139160e-01 7.119780778884887695e-01
3.786936402320861816e-01 3.514612019062042236e-01
4.991225004196166992e-01 4.831047058105468750e-01
6.438152790069580078e-01 6.443228721618652344e-01
5.015336871147155762e-01 4.996220171451568604e-01
6.716690957546234131e-02 1.120779216289520264e-01
3.162243636325001717e-03 -4.577561467885971069e-02
3.436593711376190186e-01 3.375772237777709961e-01
-2.756124921143054962e-02 3.533466532826423645e-02
6.608653068542480469e-01 6.582146286964416504e-01
5.888534188270568848e-01 5.794526338577270508e-01
2.112878262996673584e-01 2.321648299694061279e-01
7.794054597616195679e-02 5.935304239392280579e-02
3.530724048614501953e-01 3.548189699649810791e-01
6.236487030982971191e-01 5.833438634872436523e-01
3.902639746665954590e-01 3.687115013599395752e-01
2.939144074916839600e-01 2.893236875534057617e-01
3.504131138324737549e-01 3.552084863185882568e-01
-4.252791404724121094e-02 -9.671334177255630493e-03
6.621940135955810547e-01 6.549426317214965820e-01
-8.705630898475646973e-02 -8.998326212167739868e-02
6.421808004379272461e-01 6.417823433876037598e-01
1.444950699806213379e-01 1.099808812141418457e-01
7.057217955589294434e-01 7.161269783973693848e-01
2.585077285766601562e-01 2.200531959533691406e-01
2.290512025356292725e-01 2.410638928413391113e-01
7.095935195684432983e-02 3.596097603440284729e-02
8.000187873840332031e-01 8.015156388282775879e-01
1.165570095181465149e-01 4.625709727406501770e-02
6.130556464195251465e-01 5.802068114280700684e-01
4.989978671073913574e-01 4.936777949333190918e-01
-7.772933691740036011e-02 -5.909844487905502319e-02
5.673398375511169434e-01 5.646075606346130371e-01
2.675717473030090332e-01 2.879583835601806641e-01
5.171314477920532227e-01 5.313657522201538086e-01
3.467008769512176514e-01 3.376386463642120361e-01
3.154011964797973633e-01 3.029704391956329346e-01
8.409382104873657227e-01 8.609614372253417969e-01
2.618968188762664795e-01 2.382376790046691895e-01
5.052752494812011719e-01 4.984236061573028564e-01
4.450081288814544678e-01 4.665139317512512207e-01
3.090326786041259766e-01 3.006455004215240479e-01
1.423861235380172729e-01 1.396195739507675171e-01
3.735274672508239746e-01 3.774780929088592529e-01
7.056305408477783203e-01 7.008004784584045410e-01
6.831027865409851074e-01 6.853070259094238281e-01
7.921487092971801758e-01 7.863925695419311523e-01
3.987629413604736328e-01 3.703189790248870850e-01
6.249117851257324219e-01 6.097487211227416992e-01
6.491063833236694336e-01 5.847014784812927246e-01
1.469504386186599731e-01 1.397371590137481689e-01
1.568339765071868896e-01 1.304179430007934570e-01
3.535687029361724854e-01 3.647118210792541504e-01
5.807071328163146973e-01 5.881666541099548340e-01
1.263598650693893433e-01 2.162237167358398438e-01
2.344542294740676880e-01 1.925038993358612061e-01
1.717628985643386841e-01 1.878922879695892334e-01
9.311160445213317871e-02 1.110880523920059204e-01
6.571556329727172852e-01 6.910195946693420410e-01
5.779658555984497070e-01 6.053107976913452148e-01
6.373147964477539062e-01 6.499993801116943359e-01
1.240195184946060181e-01 1.206297874450683594e-01
2.768743038177490234e-01 2.798020839691162109e-01
8.988674283027648926e-01 8.952369093894958496e-01
2.579768598079681396e-01 2.748477160930633545e-01
4.560016393661499023e-01 4.461788535118103027e-01
8.907676935195922852e-01 8.831650614738464355e-01
3.302839994430541992e-01 3.260738551616668701e-01
6.431597471237182617e-01 6.340078711509704590e-01
-1.263054013252258301e-01 7.536702603101730347e-02
-9.889455139636993408e-02 -8.377786725759506226e-02
1.561344414949417114e-01 1.620483696460723877e-01
5.186100602149963379e-01 5.126362442970275879e-01
1.992134302854537964e-01 2.187214493751525879e-01
3.561721444129943848e-01 3.546583950519561768e-01
1.615579426288604736e-01 1.399947106838226318e-01
8.283627778291702271e-02 6.528653204441070557e-02
7.043916732072830200e-02 4.255656898021697998e-02
6.731994915753602982e-03 6.525640934705734253e-02
7.474957108497619629e-01 7.347026467323303223e-01
7.093524932861328125e-01 7.317976355552673340e-01
1.601903736591339111e-01 1.570222675800323486e-01
4.878042638301849365e-01 5.002219676971435547e-01
3.148489594459533691e-01 3.241945803165435791e-01
3.634591996669769287e-01 3.732614517211914062e-01
3.321262896060943604e-01 3.270498812198638916e-01
5.247272849082946777e-01 5.274769067764282227e-01
9.747507572174072266e-01 9.365179538726806641e-01
7.568342089653015137e-01 7.815431952476501465e-01
4.559130668640136719e-01 4.625025391578674316e-01
5.797421932220458984e-01 5.774019956588745117e-01
5.771137475967407227e-01 5.819339752197265625e-01
1.402078717947006226e-01 1.532088220119476318e-01
6.829232573509216309e-01 6.936039924621582031e-01
4.271308481693267822e-01 3.639283180236816406e-01
8.716907501220703125e-01 8.649421930313110352e-01
5.718857645988464355e-01 5.788511633872985840e-01
3.996730446815490723e-01 4.385812282562255859e-01
5.812861323356628418e-01 5.859600305557250977e-01
5.070769190788269043e-01 5.098343491554260254e-01
4.506007432937622070e-01 4.533924162387847900e-01
4.711278676986694336e-01 4.615522623062133789e-01
7.748340070247650146e-02 3.186340630054473877e-02
8.081590533256530762e-01 8.017724156379699707e-01
5.607333779335021973e-01 5.739709138870239258e-01
2.960367500782012939e-01 3.307431042194366455e-01
7.837821245193481445e-01 8.273785114288330078e-01
5.346282720565795898e-01 5.326327681541442871e-01
9.150453209877014160e-01 8.951910734176635742e-01
5.049036145210266113e-01 4.763344526290893555e-01
7.629562616348266602e-01 7.651417851448059082e-01
7.691861391067504883e-01 7.632047533988952637e-01
1.040220335125923157e-01 1.210562810301780701e-01
1.701168566942214966e-01 1.829612851142883301e-01
3.917678296566009521e-01 3.824988603591918945e-01
6.157337427139282227e-01 5.884954333305358887e-01
6.493893861770629883e-01 6.389144659042358398e-01
4.985368251800537109e-01 5.013208389282226562e-01
1.722328662872314453e-01 1.232007220387458801e-01
4.888765215873718262e-01 4.611998796463012695e-01
9.960228204727172852e-01 9.515286087989807129e-01
7.246167659759521484e-01 7.087042331695556641e-01
4.098959267139434814e-01 4.090014100074768066e-01
7.126759886741638184e-01 7.109509706497192383e-01
1.057388782501220703e-01 7.474664598703384399e-02
-6.435797363519668579e-02 -2.089044451713562012e-02
7.220830321311950684e-01 7.308035492897033691e-01
7.257273793220520020e-01 7.177460193634033203e-01
3.739474415779113770e-01 3.791155219078063965e-01
-4.404472187161445618e-02 -2.361395210027694702e-02
7.595127820968627930e-01 7.595013976097106934e-01
3.814238011837005615e-01 3.859885334968566895e-01
5.334232449531555176e-01 5.063860416412353516e-01
1.444245576858520508e-01 1.567505300045013428e-01
6.081870198249816895e-01 5.996912717819213867e-01
3.754951357841491699e-01 3.790273070335388184e-01
5.168268084526062012e-01 5.408201217651367188e-01
6.836336851119995117e-01 5.890225768089294434e-01
2.450821250677108765e-01 3.030429482460021973e-01
-1.027624011039733887e-01 -7.796513289213180542e-02
1.256068348884582520e-01 1.153780966997146606e-01
5.562560558319091797e-01 5.214841365814208984e-01
4.363474249839782715e-01 4.350133538246154785e-01
-1.067493930459022522e-01 -1.154987439513206482e-01
1.572786122560501099e-01 1.564851105213165283e-01
6.057925224304199219e-01 6.190713047981262207e-01
7.226437330245971680e-01 6.813493967056274414e-01
-9.255490452051162720e-02 -5.933693796396255493e-02
7.314800024032592773e-01 7.198182344436645508e-01
5.091897845268249512e-01 5.344344377517700195e-01
3.378233909606933594e-01 4.061017632484436035e-01
5.972653031349182129e-01 5.931612849235534668e-01
1.974949538707733154e-01 1.497637182474136353e-01
2.563167512416839600e-01 2.981555163860321045e-01
6.877694725990295410e-01 6.535378098487854004e-01
3.925244808197021484e-01 4.048093557357788086e-01
4.785173833370208740e-01 4.867158234119415283e-01
2.898631989955902100e-01 2.519250214099884033e-01
9.366267323493957520e-01 9.159302711486816406e-01
2.394766509532928467e-01 1.991218030452728271e-01
1.670452356338500977e-01 1.346960514783859253e-01
-1.565354615449905396e-01 -1.633394360542297363e-01
3.197947442531585693e-01 3.204896748065948486e-01
5.402553677558898926e-01 5.170626044273376465e-01
7.596773505210876465e-01 7.248851060867309570e-01
6.534191966056823730e-01 6.646606922149658203e-01
2.640181779861450195e-01 2.499191761016845703e-01
6.105197072029113770e-01 6.254225969314575195e-01
2.714778184890747070e-01 2.580478191375732422e-01
3.857653737068176270e-01 3.765668570995330811e-01
2.619635760784149170e-01 2.573895454406738281e-01
4.246652722358703613e-01 4.072300493717193604e-01
4.299452006816864014e-01 4.491012096405029297e-01
6.360559463500976562e-01 6.412716507911682129e-01
6.435496211051940918e-01 6.299866437911987305e-01
4.956606924533843994e-01 5.209811925888061523e-01
7.926037311553955078e-01 8.233001232147216797e-01
2.587147057056427002e-02 6.450679898262023926e-02
3.958801925182342529e-01 3.879381418228149414e-01
6.956006884574890137e-01 6.775949001312255859e-01
6.733105778694152832e-01 7.459229826927185059e-01
6.838772445917129517e-02 5.446294322609901428e-02
4.445686638355255127e-01 4.364900588989257812e-01
2.704249620437622070e-01 2.478382289409637451e-01
2.090724855661392212e-01 2.336111366748809814e-01
1.152394488453865051e-01 9.239146113395690918e-02
6.509683132171630859e-01 6.717245578765869141e-01
4.184801280498504639e-01 4.628528654575347900e-01
4.107089042663574219e-01 4.281380176544189453e-01
6.283631324768066406e-01 6.227757930755615234e-01
2.313459813594818115e-01 2.194536328315734863e-01
6.548495292663574219e-01 6.533854603767395020e-01
7.330545186996459961e-01 7.282186150550842285e-01
3.312045037746429443e-01 2.871422767639160156e-01
6.382795572280883789e-01 5.989464521408081055e-01
5.715057849884033203e-01 5.661923885345458984e-01
2.692103981971740723e-01 2.902718484401702881e-01
6.543574929237365723e-01 6.334572434425354004e-01
3.081479966640472412e-01 3.242642283439636230e-01
3.275910615921020508e-01 3.580552339553833008e-01
-2.575462451204657555e-03 1.388157531619071960e-02
2.964077293872833252e-01 2.968078553676605225e-01
5.946058034896850586e-01 5.490058660507202148e-01
7.429142594337463379e-01 7.341020703315734863e-01
5.941441655158996582e-02 6.565233319997787476e-02
4.994503259658813477e-01 4.925236999988555908e-01
1.359839886426925659e-01 1.215481087565422058e-01
3.333285450935363770e-01 3.739330172538757324e-01
1.412994563579559326e-01 1.220701038837432861e-01
2.693133950233459473e-01 2.069597542285919189e-01
4.606687128543853760e-01 4.689490199089050293e-01
3.907196968793869019e-02 5.254429951310157776e-02
4.617120027542114258e-01 4.509912133216857910e-01
5.545604228973388672e-01 4.992395937442779541e-01
5.542315840721130371e-01 5.477398037910461426e-01
6.916813254356384277e-01 7.473345994949340820e-01
7.234523296356201172e-01 7.195577621459960938e-01
7.384066581726074219e-01 7.342462539672851562e-01
3.744946122169494629e-01 3.782193660736083984e-01
3.244083225727081299e-01 3.130110204219818115e-01
8.288529515266418457e-02 9.151529520750045776e-02
4.954502880573272705e-01 5.329213142395019531e-01
7.041255831718444824e-01 7.083271741867065430e-01
5.893689393997192383e-01 5.874328017234802246e-01
6.238526701927185059e-01 5.831737518310546875e-01
4.605117440223693848e-01 4.506032168865203857e-01
5.849121212959289551e-01 5.970061421394348145e-01
2.926894724369049072e-01 3.020943999290466309e-01
8.687210083007812500e-01 8.707349300384521484e-01
4.867455959320068359e-01 4.560602009296417236e-01
3.483694493770599365e-01 3.431473076343536377e-01
2.860220074653625488e-01 3.144916594028472900e-01
2.117244154214859009e-01 2.257428765296936035e-01
3.019482195377349854e-01 2.931409180164337158e-01
9.933319091796875000e-01 1.005994081497192383e+00
6.015717983245849609e-01 6.088293194770812988e-01
7.957254648208618164e-01 7.479989528656005859e-01
4.735396429896354675e-02 2.279113046824932098e-02
4.830941557884216309e-02 6.329515576362609863e-02
1.048754751682281494e-01 5.003944784402847290e-02
-1.507360488176345825e-01 -1.280235946178436279e-01
7.297164797782897949e-01 7.259694933891296387e-01
4.884814620018005371e-01 5.101012587547302246e-01
5.265082716941833496e-01 4.975003302097320557e-01
2.624223940074443817e-02 5.128590017557144165e-02
1.599078029394149780e-01 7.920441776514053345e-02
3.186902403831481934e-01 3.004462420940399170e-01
3.556563854217529297e-01 3.677905797958374023e-01
4.152783155441284180e-01 3.835716545581817627e-01
1.919751763343811035e-01 1.998087465763092041e-01
9.011445045471191406e-01 9.234787821769714355e-01
3.740032613277435303e-01 3.682177960872650146e-01
-3.477482497692108154e-02 7.479827851057052612e-03
5.468459799885749817e-02 4.692897200584411621e-03
-5.505248531699180603e-02 -9.417202323675155640e-03
-2.506629005074501038e-02 -2.921392023563385010e-02
-4.491928964853286743e-03 3.648845106363296509e-02
8.654761910438537598e-01 8.394657969474792480e-01
8.179388046264648438e-01 8.346146345138549805e-01
5.389695167541503906e-01 5.015259385108947754e-01
4.558388590812683105e-01 4.673078060150146484e-01
4.643314182758331299e-01 4.560861289501190186e-01
8.611173033714294434e-01 8.512048125267028809e-01
3.492016792297363281e-01 3.661110997200012207e-01
9.062303602695465088e-02 1.109434962272644043e-01
3.576111793518066406e-01 3.693133592605590820e-01
2.122977823019027710e-01 2.553633749485015869e-01
4.805877506732940674e-01 4.784311652183532715e-01
2.116407752037048340e-01 1.904440820217132568e-01
4.744786918163299561e-01 4.894843101501464844e-01
1.778434664011001587e-01 6.106853485107421875e-03
4.377968609333038330e-01 3.998361825942993164e-01
4.828835725784301758e-01 4.878991842269897461e-01
8.336843252182006836e-01 8.126476407051086426e-01
7.976843118667602539e-01 8.064844012260437012e-01
7.376446127891540527e-01 7.969811558723449707e-01
6.312447190284729004e-01 6.268830895423889160e-01
3.034095764160156250e-01 3.250920772552490234e-01
5.670708138495683670e-03 -1.282669603824615479e-03
1.830940544605255127e-01 1.686734855175018311e-01
6.352037191390991211e-01 6.569961905479431152e-01
2.059443891048431396e-01 2.173405885696411133e-01
1.905280947685241699e-01 2.066680788993835449e-01
6.649426817893981934e-01 6.777963638305664062e-01
-1.110053062438964844e-01 -1.018541529774665833e-01
-1.125570535659790039e-01 -1.242476329207420349e-01
1.325878649950027466e-01 1.412558555603027344e-01
3.559161424636840820e-01 3.422811031341552734e-01
3.862293362617492676e-01 3.986503779888153076e-01
5.215720534324645996e-01 5.180345177650451660e-01
2.790978252887725830e-01 3.158758580684661865e-01
4.608813524246215820e-01 4.742988944053649902e-01
5.208777785301208496e-01 4.988076388835906982e-01
3.767618834972381592e-01 3.646493852138519287e-01
4.557965397834777832e-01 4.303990006446838379e-01
9.404084086418151855e-01 9.496573209762573242e-01
9.269672632217407227e-01 9.345228672027587891e-01
8.111433386802673340e-01 7.932002544403076172e-01
6.105030179023742676e-01 6.148270368576049805e-01
3.385617434978485107e-01 3.705233037471771240e-01
4.490777254104614258e-01 4.615444839000701904e-01
9.888269752264022827e-02 8.238074183464050293e-02
3.628462255001068115e-01 3.750649690628051758e-01
6.154604554176330566e-01 6.065085530281066895e-01
5.700841546058654785e-01 5.689288377761840820e-01
4.589478075504302979e-01 4.421557188034057617e-01
3.919666707515716553e-01 4.046003818511962891e-01
5.019220113754272461e-01 5.169627070426940918e-01
2.598966956138610840e-01 2.852402031421661377e-01
6.076080799102783203e-01 6.270794868469238281e-01
1.784799844026565552e-01 1.669647097587585449e-01
3.015486299991607666e-01 2.997882366180419922e-01
2.502044439315795898e-01 2.139506936073303223e-01
5.926350355148315430e-01 6.143354773521423340e-01
1.756096929311752319e-01 2.124106585979461670e-01
7.180716991424560547e-01 6.937082409858703613e-01
3.274268209934234619e-01 3.294984996318817139e-01
4.441631734371185303e-01 4.318647086620330811e-01
2.638412415981292725e-01 3.082086443901062012e-01
4.550562500953674316e-01 4.416285455226898193e-01
3.581863939762115479e-01 3.354924619197845459e-01
7.193203568458557129e-01 7.349244356155395508e-01
3.261757493019104004e-01 3.331266343593597412e-01
2.501618862152099609e-01 2.508774995803833008e-01
2.946689724922180176e-01 3.072326779365539551e-01
3.599569201469421387e-01 3.635355532169342041e-01
6.261224150657653809e-01 5.769019126892089844e-01
8.462355285882949829e-02 1.212404891848564148e-01
5.423392653465270996e-01 5.890858173370361328e-01
5.457573384046554565e-02 2.884375490248203278e-02
3.909697830677032471e-01 3.429571688175201416e-01
2.597900331020355225e-01 2.315611243247985840e-01
7.514360547065734863e-01 7.220301032066345215e-01
3.880764842033386230e-01 4.148353636264801025e-01
6.147180199623107910e-01 5.816638469696044922e-01
4.935022294521331787e-01 4.618052244186401367e-01
5.385702848434448242e-01 5.724536180496215820e-01
3.688221573829650879e-01 3.987390100955963135e-01
8.492621183395385742e-01 8.150259852409362793e-01
1.576382517814636230e-01 1.342748105525970459e-01
-6.558896601200103760e-02 -8.211774379014968872e-02
1.039511412382125854e-01 1.287159919738769531e-01
5.279232859611511230e-01 5.330833792686462402e-01
6.842721104621887207e-01 6.951835155487060547e-01
1.531092822551727295e-01 1.354653686285018921e-01
3.105594813823699951e-01 3.027267158031463623e-01
7.387880235910415649e-02 9.431671351194381714e-02
4.567874670028686523e-01 4.350351393222808838e-01
2.579835951328277588e-01 2.618077397346496582e-01
2.046478539705276489e-01 1.767945587635040283e-01
6.871849298477172852e-01 7.002379298210144043e-01
7.246003746986389160e-01 7.301978468894958496e-01
4.402213990688323975e-01 4.387240111827850342e-01
5.587196350097656250e-01 5.804859995841979980e-01
2.279506176710128784e-01 1.980840861797332764e-01
1.657450795173645020e-01 1.606896519660949707e-01
4.620301723480224609e-01 4.763416647911071777e-01
4.260536730289459229e-01 3.956619203090667725e-01
1.014664322137832642e-01 1.001402884721755981e-01
4.195510149002075195e-01 4.475879669189453125e-01
3.959530889987945557e-01 3.723240196704864502e-01
6.868855357170104980e-01 7.369437813758850098e-01
2.154458910226821899e-01 2.342557907104492188e-01
4.474244117736816406e-01 4.469760358333587646e-01
5.926009416580200195e-01 5.824730396270751953e-01
4.799860063940286636e-03 -6.796475499868392944e-03
3.686822056770324707e-01 3.869771659374237061e-01
5.111287832260131836e-01 5.277342796325683594e-01
6.613074541091918945e-01 6.317182779312133789e-01
-3.137546032667160034e-02 -3.002937883138656616e-02
8.952839374542236328e-01 8.854073286056518555e-01
-7.767960429191589355e-02 -5.584853887557983398e-02
5.798344612121582031e-01 5.630152225494384766e-01
2.530229687690734863e-01 3.077504932880401611e-01
-1.412416435778141022e-02 5.088254809379577637e-03
4.417364597320556641e-01 4.629735946655273438e-01
1.790203154087066650e-01 1.736223399639129639e-01
4.703361392021179199e-01 4.614037573337554932e-01
4.896081387996673584e-01 5.747609138488769531e-01
4.613315463066101074e-01 4.579506814479827881e-01
8.412297964096069336e-01 8.642197847366333008e-01
2.419256418943405151e-01 1.905195713043212891e-01
2.076667547225952148e-01 2.219013571739196777e-01
7.401702404022216797e-01 7.308493852615356445e-01
-6.007026135921478271e-02 -7.400708645582199097e-02
5.122617483139038086e-01 5.226153731346130371e-01
1.717566698789596558e-01 1.685616672039031982e-01
2.548100948333740234e-01 2.575803101062774658e-01
2.716882824897766113e-01 3.237079679965972900e-01
8.189564943313598633e-02 6.843517720699310303e-02
1.265649050474166870e-01 1.122103780508041382e-01
3.651139736175537109e-01 3.769044876098632812e-01
2.298668771982192993e-01 2.209402024745941162e-01
5.463160276412963867e-01 5.189568996429443359e-01
7.023200988769531250e-01 7.179426550865173340e-01
3.419564962387084961e-01 3.543268740177154541e-01
6.221132278442382812e-01 6.052275896072387695e-01
4.593280851840972900e-01 4.465086162090301514e-01
6.752080321311950684e-01 6.760798096656799316e-01
4.497251212596893311e-01 4.433718025684356689e-01
9.863191843032836914e-01 9.492837786674499512e-01
4.023956656455993652e-01 4.166290760040283203e-01
5.104773044586181641e-01 5.042495131492614746e-01
5.663321819156408310e-03 2.945251576602458954e-02
1.695478260517120361e-01 6.836786866188049316e-02
6.323710083961486816e-01 6.353607773780822754e-01
6.320325136184692383e-01 6.712342500686645508e-01
1.095180958509445190e-01 1.610989868640899658e-01
1.120052859187126160e-01 1.210721358656883240e-01
6.485589742660522461e-01 5.783306956291198730e-01
3.727883994579315186e-01 3.717666864395141602e-01
6.077802553772926331e-02 8.022585511207580566e-02
8.739649653434753418e-01 9.214183092117309570e-01
8.082451224327087402e-01 7.957682013511657715e-01
5.289590954780578613e-01 5.299556851387023926e-01
5.338493585586547852e-01 5.395929813385009766e-01
5.726230740547180176e-01 5.666634440422058105e-01
8.320298194885253906e-01 8.512945175170898438e-01
8.442511558532714844e-01 7.564446330070495605e-01
6.056542992591857910e-01 5.985737442970275879e-01
2.774526774883270264e-01 2.710805535316467285e-01
5.246646404266357422e-01 5.383127331733703613e-01
5.495169758796691895e-01 5.487493276596069336e-01
6.075313687324523926e-01 5.719808936119079590e-01
1.085565760731697083e-01 1.148051097989082336e-01
1.348473280668258667e-01 1.810594499111175537e-01
4.219226539134979248e-01 4.182662069797515869e-01
6.181566119194030762e-01 6.007096171379089355e-01
7.480402588844299316e-01 7.154502272605895996e-01
2.120749503374099731e-01 2.638093531131744385e-01
2.486205846071243286e-01 2.450898587703704834e-01
5.835614800453186035e-01 5.921850800514221191e-01
3.281556963920593262e-01 3.503641188144683838e-01
6.525498628616333008e-02 1.021060645580291748e-01
2.842910587787628174e-01 3.077706694602966309e-01
7.037426829338073730e-01 6.691796779632568359e-01
5.314236879348754883e-01 5.414500236511230469e-01
2.661207318305969238e-01 3.385336399078369141e-01
7.521651983261108398e-01 7.762703299522399902e-01
7.801944613456726074e-01 7.788813710212707520e-01
-1.712032556533813477e-01 2.261338755488395691e-02
-7.338343188166618347e-03 -3.930814564228057861e-04
3.715584576129913330e-01 3.748637735843658447e-01
6.878128051757812500e-01 6.994594931602478027e-01
3.945581316947937012e-01 3.956317305564880371e-01
2.666175365447998047e-01 2.731316983699798584e-01
8.921426534652709961e-02 9.200882911682128906e-02
3.310732245445251465e-01 4.061479270458221436e-01
6.439363360404968262e-01 6.265068650245666504e-01
6.320379972457885742e-01 5.986421108245849609e-01
3.020789623260498047e-01 2.957718074321746826e-01
6.123118996620178223e-01 6.243623495101928711e-01
6.408475637435913086e-01 6.593810915946960449e-01
2.712718248367309570e-01 2.227124869823455811e-01
6.134500503540039062e-01 6.067734956741333008e-01
5.256031751632690430e-01 5.131256580352783203e-01
1.115676760673522949e-01 1.218920871615409851e-01
3.378768637776374817e-02 5.106555297970771790e-02
1.161029264330863953e-01 9.475766122341156006e-02
3.079712688922882080e-01 3.254936337471008301e-01
6.932606697082519531e-01 6.943754553794860840e-01
4.497206807136535645e-01 4.289471209049224854e-01
5.380979180335998535e-01 5.318943262100219727e-01
3.994841873645782471e-01 3.954844176769256592e-01
4.272356927394866943e-01 4.393852055072784424e-01
8.366324305534362793e-01 8.006265759468078613e-01
-7.069615274667739868e-02 -6.658709794282913208e-02
1.770895719528198242e-01 1.501621603965759277e-01
3.781319856643676758e-01 3.630941510200500488e-01
7.752769589424133301e-01 7.811082601547241211e-01
2.092469185590744019e-01 1.915084123611450195e-01
2.302580177783966064e-01 2.113329768180847168e-01
8.035878539085388184e-01 8.013125658035278320e-01
4.946180582046508789e-01 5.084837079048156738e-01
2.375754341483116150e-02 1.104771345853805542e-02
2.082373797893524170e-01 1.998232007026672363e-01
1.193356662988662720e-01 1.134271025657653809e-01
7.259354591369628906e-01 7.406841516494750977e-01
2.770352363586425781e-01 2.799407243728637695e-01
6.397008299827575684e-01 6.269407868385314941e-01
4.452599287033081055e-01 4.546657502651214600e-01
1.830512583255767822e-01 1.882398724555969238e-01
7.791246771812438965e-01 7.672028541564941406e-01
3.051163554191589355e-01 2.863115966320037842e-01
4.954326450824737549e-01 4.817905724048614502e-01
3.245905414223670959e-02 4.528598114848136902e-02
-4.233182966709136963e-02 -4.209540784358978271e-02
4.900396466255187988e-01 4.826927483081817627e-01
-7.788715511560440063e-02 -6.631976366043090820e-02
4.999744296073913574e-01 5.487560033798217773e-01
2.945216000080108643e-01 3.233231306076049805e-01
