6.009985804557800293e-01 5.274358987808227539e-01
-2.284319102764129639e-01 -1.074266880750656128e-01
6.661686301231384277e-02 1.211555078625679016e-01
3.816440403461456299e-01 2.912415564060211182e-01
7.993286252021789551e-01 7.786574959754943848e-01
1.009413123130798340e+00 9.856199622154235840e-01
2.719208300113677979e-01 2.107353806495666504e-01
9.394817352294921875e-01 9.908266067504882812e-01
5.426861643791198730e-01 5.852881073951721191e-01
1.940981745719909668e-01 1.566632390022277832e-01
8.508219569921493530e-02 5.003959313035011292e-02
9.483978152275085449e-01 9.180895686149597168e-01
5.111084580421447754e-01 5.468836426734924316e-01
6.111032366752624512e-01 6.204169392585754395e-01
1.078168272972106934e+00 1.072204351425170898e+00
4.402562975883483887e-01 4.660886228084564209e-01
6.250182986259460449e-01 6.015285253524780273e-01
1.964617222547531128e-01 1.368640661239624023e-01
-5.485488567501306534e-03 -7.642632722854614258e-02
7.973446846008300781e-01 7.312062382698059082e-01
2.564518451690673828e-01 3.007330596446990967e-01
5.450457930564880371e-01 5.667581558227539062e-01
5.396100282669067383e-01 5.832641124725341797e-01
9.236279726028442383e-01 9.394727349281311035e-01
3.348256051540374756e-01 2.731811404228210449e-01
1.052626132965087891e+00 1.002879977226257324e+00
5.649211406707763672e-01 5.420874357223510742e-01
3.641609549522399902e-01 2.940183579921722412e-01
8.347563743591308594e-01 8.354223370552062988e-01
6.335045099258422852e-01 6.069769859313964844e-01
1.941260099411010742e-01 2.390293329954147339e-01
3.469775617122650146e-01 3.658877015113830566e-01
6.873854398727416992e-01 6.488198637962341309e-01
-6.987559795379638672e-02 9.744741022586822510e-03
-2.072160989046096802e-01 -1.964627802371978760e-01
9.403575062751770020e-01 1.046441793441772461e+00
-2.637233398854732513e-02 -4.469082504510879517e-02
5.714652538299560547e-01 5.539884567260742188e-01
8.835788369178771973e-01 8.841421604156494141e-01
9.200952053070068359e-01 9.159821867942810059e-01
9.125008583068847656e-01 1.041505932807922363e+00
5.733181238174438477e-01 5.454013347625732422e-01
1.019781589508056641e+00 1.046131372451782227e+00
6.884420514106750488e-01 6.477411985397338867e-01
5.429989695549011230e-01 5.707334876060485840e-01
-2.041840851306915283e-01 -4.810553044080734253e-02
-1.780993491411209106e-02 1.090420410037040710e-01
7.818838953971862793e-02 2.148801088333129883e-01
-2.032389938831329346e-01 -8.284325897693634033e-02
6.306601166725158691e-01 6.387570500373840332e-01
-2.099669771268963814e-03 1.226514428853988647e-01
-6.408302485942840576e-02 1.789814606308937073e-02
3.532046675682067871e-01 3.618251979351043701e-01
7.948269248008728027e-01 7.672575712203979492e-01
5.061290264129638672e-01 4.614337086677551270e-01
1.553665697574615479e-01 1.396192312240600586e-01
3.121945559978485107e-01 2.891712188720703125e-01
-2.205213308334350586e-01 -9.550505876541137695e-02
5.761846899986267090e-01 6.318248510360717773e-01
1.519276052713394165e-01 2.256535887718200684e-01
2.079031765460968018e-01 2.211168557405471802e-01
6.907492280006408691e-01 7.337552309036254883e-01
2.612033784389495850e-01 1.993955224752426147e-01
8.664342164993286133e-01 8.492024540901184082e-01
1.654177010059356689e-01 1.651015728712081909e-01
1.070833206176757812e+00 1.055981755256652832e+00
2.062367498874664307e-01 2.939146161079406738e-01
4.282261431217193604e-02 -7.649850845336914062e-02
7.632268667221069336e-01 7.721449732780456543e-01
5.247721076011657715e-01 5.035200119018554688e-01
4.202950000762939453e-01 4.319296181201934814e-01
3.386894166469573975e-01 3.358354270458221436e-01
9.805178046226501465e-01 9.603121280670166016e-01
2.561083734035491943e-01 2.533284425735473633e-01
4.743857085704803467e-01 4.344860911369323730e-01
2.803340181708335876e-02 -1.423602253198623657e-01
2.201263308525085449e-01 2.925007045269012451e-01
9.032810926437377930e-01 8.853165507316589355e-01
2.083435803651809692e-01 1.205164268612861633e-01
8.192186951637268066e-01 7.590981125831604004e-01
2.369763404130935669e-01 1.797364950180053711e-01
2.534974515438079834e-01 2.492056190967559814e-01
4.254476726055145264e-01 4.154958426952362061e-01
7.645450234413146973e-01 7.589319348335266113e-01
-3.719893842935562134e-02 -7.619997859001159668e-02
-1.309654265642166138e-01 -8.955539762973785400e-02
4.444510936737060547e-01 4.397900998592376709e-01
1.164712190628051758e+00 1.163941740989685059e+00
4.383343458175659180e-01 5.193191766738891602e-01
1.014652967453002930e+00 1.016540765762329102e+00
2.078303098678588867e-01 1.497007310390472412e-01
1.158428907394409180e+00 1.069419741630554199e+00
-1.547891199588775635e-01 -3.531992435455322266e-03
1.133349686861038208e-01 1.152085587382316589e-01
-8.423922210931777954e-02 9.554955363273620605e-02
7.848895788192749023e-01 7.794550061225891113e-01
5.304911732673645020e-01 5.291444063186645508e-01
5.449777245521545410e-01 5.715280175209045410e-01
6.291975378990173340e-01 6.820390820503234863e-01
4.484649896621704102e-01 4.625958800315856934e-01
4.696824252605438232e-01 5.692883133888244629e-01
4.576603472232818604e-01 4.670810401439666748e-01
1.186667203903198242e+00 1.083867549896240234e+00
-1.492469850927591324e-02 -1.011486724019050598e-02
3.796390593051910400e-01 3.643555343151092529e-01
2.270029932260513306e-01 2.561741471290588379e-01
-8.441226929426193237e-02 -6.939461827278137207e-02
3.029044568538665771e-01 2.711796164512634277e-01
1.291867941617965698e-01 1.491545438766479492e-01
-1.231292560696601868e-01 -3.768744319677352905e-02
3.369190990924835205e-01 2.483572363853454590e-01
1.542514422908425331e-03 6.483398377895355225e-03
5.166785717010498047e-01 5.159076452255249023e-01
2.339245676994323730e-01 2.259378433227539062e-01
5.327212810516357422e-01 5.412820577621459961e-01
9.094841033220291138e-02 1.496953889727592468e-02
8.101336658000946045e-02 9.845207631587982178e-02
2.439020574092864990e-01 2.467729002237319946e-01
1.958562135696411133e-01 2.769924402236938477e-01
-1.928532272577285767e-01 -1.131347417831420898e-01
-4.167421162128448486e-02 -9.923957288265228271e-02
1.040568351745605469e+00 1.041330933570861816e+00
5.999154448509216309e-01 6.386764645576477051e-01
8.756071925163269043e-01 8.471118211746215820e-01
6.504973769187927246e-01 6.919189095497131348e-01
9.095168113708496094e-02 2.045387774705886841e-01
4.098126590251922607e-01 4.160119295120239258e-01
-3.942213356494903564e-01 -3.765090405941009521e-01
-8.041594922542572021e-02 6.518399715423583984e-02
-3.726922273635864258e-01 -3.474941253662109375e-01
4.232424497604370117e-01 4.435684382915496826e-01
4.330033659934997559e-01 4.360265731811523438e-01
3.491116464138031006e-01 3.222921490669250488e-01
3.136125206947326660e-01 2.773200869560241699e-01
3.693049550056457520e-01 3.147157728672027588e-01
4.121868312358856201e-02 2.161450684070587158e-01
-1.131089702248573303e-01 -1.284749656915664673e-01
9.917171001434326172e-01 9.287161827087402344e-01
1.066967368125915527e+00 1.061773061752319336e+00
3.170856088399887085e-02 1.990938372910022736e-02
4.772298038005828857e-01 4.553060829639434814e-01
-3.430063128471374512e-01 -3.359643518924713135e-01
-1.251986026763916016e-01 4.451183229684829712e-02
1.708607673645019531e-01 1.289584934711456299e-01
4.797500073909759521e-01 5.206696391105651855e-01
1.159067034721374512e+00 1.185297250747680664e+00
1.968647837638854980e-01 2.088836580514907837e-01
5.477104336023330688e-02 2.790705300867557526e-02
2.356205731630325317e-01 2.331705838441848755e-01
9.124074578285217285e-01 9.678187966346740723e-01
1.804225146770477295e-02 1.223457232117652893e-01
1.187048673629760742e+00 9.766096472740173340e-01
7.723998427391052246e-01 8.050223588943481445e-01
3.178902864456176758e-01 3.264140188694000244e-01
3.337631225585937500e-01 4.571927487850189209e-01
4.596309065818786621e-01 4.336411356925964355e-01
7.501614093780517578e-01 7.180120944976806641e-01
1.249872241169214249e-02 -1.878308504819869995e-02
9.738662838935852051e-01 9.921020269393920898e-01
-2.807381562888622284e-02 6.329434365034103394e-02
1.560060828924179077e-01 2.034326493740081787e-01
-3.097344338893890381e-01 -3.014139533042907715e-01
4.343871176242828369e-01 4.502379596233367920e-01
4.057731628417968750e-01 4.373368918895721436e-01
1.103668361902236938e-01 4.744212701916694641e-02
4.973711073398590088e-02 1.170978769659996033e-01
6.409493684768676758e-01 5.821989178657531738e-01
-2.526633068919181824e-02 -6.474200636148452759e-02
4.779130220413208008e-01 4.980428218841552734e-01
6.006516218185424805e-01 5.745975971221923828e-01
1.452550441026687622e-01 1.101884692907333374e-01
5.803816914558410645e-01 5.871833562850952148e-01
4.215781986713409424e-01 4.313362836837768555e-01
5.429130196571350098e-01 5.459794998168945312e-01
-2.702477574348449707e-01 -1.627434045076370239e-01
2.182404547929763794e-01 1.255513131618499756e-01
1.695524752140045166e-01 8.242662250995635986e-02
9.144890308380126953e-01 8.871826529502868652e-01
4.443792104721069336e-01 5.063071250915527344e-01
8.347216248512268066e-01 8.067172765731811523e-01
4.103050827980041504e-01 4.285060465335845947e-01
4.803926870226860046e-02 3.757156059145927429e-02
1.261227577924728394e-01 1.940855383872985840e-01
-3.688743710517883301e-02 -5.313270539045333862e-02
3.991799354553222656e-01 4.087944626808166504e-01
6.411155462265014648e-01 6.640689969062805176e-01
4.788991808891296387e-01 4.254634976387023926e-01
4.521627724170684814e-01 4.754051566123962402e-01
1.079910770058631897e-01 6.008613482117652893e-02
1.668789833784103394e-01 1.687760502099990845e-01
8.549813032150268555e-01 1.012246608734130859e+00
5.322454571723937988e-01 5.576139092445373535e-01
3.411377668380737305e-01 3.487012088298797607e-01
6.422562003135681152e-01 6.370278000831604004e-01
8.778207302093505859e-01 8.966615796089172363e-01
1.128038883209228516e+00 1.149136781692504883e+00
9.977103471755981445e-01 1.000099420547485352e+00
-2.983829975128173828e-01 -2.558656930923461914e-01
3.114071190357208252e-01 2.861222922801971436e-01
-2.330087423324584961e-01 -1.455067694187164307e-01
-8.070357143878936768e-02 4.064412787556648254e-02
1.023832082748413086e+00 1.049010753631591797e+00
1.154244303703308105e+00 1.029880881309509277e+00
3.831282556056976318e-01 3.929665982723236084e-01
4.549854993820190430e-01 4.074037671089172363e-01
-3.911332786083221436e-01 -1.763316094875335693e-01
1.733150631189346313e-01 1.630689799785614014e-01
2.974642515182495117e-01 2.866975963115692139e-01
4.359540939331054688e-01 4.530613422393798828e-01
-1.784410029649734497e-01 -1.204490363597869873e-01
1.022384285926818848e+00 1.043641924858093262e+00
-1.309105455875396729e-01 -1.060106009244918823e-01
1.038009822368621826e-01 8.365263789892196655e-02
-1.383369863033294678e-01 6.530560553073883057e-03
5.859913229942321777e-01 4.869637191295623779e-01
6.368894577026367188e-01 6.382495164871215820e-01
5.105900764465332031e-01 5.023565292358398438e-01
-1.153309866786003113e-01 -1.666684448719024658e-01
9.200553596019744873e-02 1.347132623195648193e-01
3.321086615324020386e-02 3.780007362365722656e-02
3.682325780391693115e-01 3.255226016044616699e-01
9.832419157028198242e-01 9.785994887351989746e-01
1.376881450414657593e-02 1.032159104943275452e-01
-5.813008174300193787e-02 -4.137704521417617798e-02
9.685772061347961426e-01 9.543234705924987793e-01
1.688747107982635498e-01 1.185551956295967102e-01
5.182790160179138184e-01 4.353038072586059570e-01
9.125982522964477539e-01 9.548721313476562500e-01
-2.735320329666137695e-01 -2.405187785625457764e-01
6.865347027778625488e-01 6.855958104133605957e-01
-1.196167021989822388e-01 -6.913747638463973999e-02
4.273743629455566406e-01 3.914144933223724365e-01
4.400345981121063232e-01 4.240716993808746338e-01
1.180946469306945801e+00 1.186236500740051270e+00
1.196282207965850830e-01 1.156780198216438293e-01
2.285117805004119873e-01 1.948077678680419922e-01
2.300696223974227905e-01 2.179446369409561157e-01
4.864484369754791260e-01 4.258980154991149902e-01
3.859637379646301270e-01 3.142685890197753906e-01
2.232518196105957031e-01 1.904627531766891479e-01
1.370268166065216064e-01 1.545786708593368530e-01
7.244397401809692383e-01 6.271426677703857422e-01
1.136860400438308716e-01 1.439699232578277588e-01
7.669438719749450684e-01 7.453803420066833496e-01
-2.235740274190902710e-01 -2.244665026664733887e-01
2.270511388778686523e-01 4.617571830749511719e-01
1.906349211931228638e-01 1.299442499876022339e-01
2.574577927589416504e-01 2.294505983591079712e-01
3.840618729591369629e-01 3.425132334232330322e-01
-7.124369591474533081e-02 -4.178800433874130249e-02
1.010519504547119141e+00 1.074638962745666504e+00
7.257517576217651367e-01 6.755517125129699707e-01
1.162557482719421387e+00 1.019966363906860352e+00
4.025019407272338867e-01 4.187064170837402344e-01
2.953092455863952637e-01 3.453046083450317383e-01
4.164840877056121826e-01 3.550251722335815430e-01
4.868940412998199463e-01 4.946036934852600098e-01
1.135510802268981934e+00 1.034798622131347656e+00
3.391050696372985840e-01 2.810457348823547363e-01
1.006075501441955566e+00 1.002344131469726562e+00
2.148052603006362915e-01 2.048718184232711792e-01
-7.101441919803619385e-02 2.872364223003387451e-02
4.496430456638336182e-01 4.378950297832489014e-01
3.111071884632110596e-01 1.951030492782592773e-01
9.723883867263793945e-01 1.002310752868652344e+00
5.716084837913513184e-01 5.088157653808593750e-01
4.386529028415679932e-01 4.153684079647064209e-01
7.679610252380371094e-01 7.663853764533996582e-01
-2.709078192710876465e-01 -1.591899096965789795e-01
1.069778800010681152e+00 1.041300535202026367e+00
7.273670434951782227e-01 7.595403790473937988e-01
9.389682412147521973e-01 9.327536821365356445e-01
2.569010853767395020e-01 2.430181801319122314e-01
3.880323469638824463e-01 3.986702561378479004e-01
7.702957838773727417e-02 6.193810701370239258e-02
1.151127696037292480e+00 1.138452529907226562e+00
9.337546676397323608e-02 4.678587615489959717e-02
4.650162756443023682e-01 5.072636604309082031e-01
1.942195445299148560e-01 1.602851003408432007e-01
4.416028857231140137e-01 4.577888250350952148e-01
6.803802251815795898e-01 7.209461927413940430e-01
8.800562024116516113e-01 8.577340245246887207e-01
6.856811642646789551e-01 6.359136104583740234e-01
5.715461373329162598e-01 5.160044431686401367e-01
8.359614610671997070e-01 8.533964157104492188e-01
6.976715922355651855e-01 7.162485718727111816e-01
1.076503753662109375e+00 1.132347106933593750e+00
1.859907805919647217e-01 2.166018337011337280e-01
1.639991700649261475e-01 1.039894819259643555e-01
3.582626879215240479e-01 3.829605281352996826e-01
-1.381803005933761597e-01 -1.517480611801147461e-01
3.420719504356384277e-01 2.527398765087127686e-01
4.935334622859954834e-01 5.513582825660705566e-01
-3.908640742301940918e-01 -3.113397955894470215e-01
3.743075132369995117e-01 3.745748698711395264e-01
3.929825425148010254e-01 3.891751170158386230e-01
3.242369294166564941e-01 3.096727728843688965e-01
6.387930512428283691e-01 5.218625068664550781e-01
1.525029391050338745e-01 1.204638555645942688e-01
1.026364803314208984e+00 1.088490009307861328e+00
8.949915170669555664e-01 9.086089134216308594e-01
-7.777368184179067612e-03 7.699787616729736328e-02
4.992809593677520752e-01 5.091837644577026367e-01
7.801606655120849609e-01 7.853407263755798340e-01
5.467019677162170410e-01 5.493196249008178711e-01
6.714526414871215820e-01 6.441482901573181152e-01
9.459334015846252441e-01 8.829042315483093262e-01
2.432947009801864624e-01 2.845204174518585205e-01
-3.028340935707092285e-01 -1.399822831153869629e-01
6.800860762596130371e-01 6.859698295593261719e-01
7.520567774772644043e-01 7.486366629600524902e-01
7.157596945762634277e-01 7.469622492790222168e-01
5.614073276519775391e-01 5.602377057075500488e-01
1.035966992378234863e+00 1.045509815216064453e+00
9.715983867645263672e-01 9.327580332756042480e-01
7.118067890405654907e-02 1.426030099391937256e-01
7.445974349975585938e-01 7.526123523712158203e-01
4.610584974288940430e-01 4.590716361999511719e-01
4.997144341468811035e-01 4.989322721958160400e-01
4.026380181312561035e-01 4.713709950447082520e-01
1.334767043590545654e-01 1.456118822097778320e-01
6.070908904075622559e-01 6.319379806518554688e-01
4.630541503429412842e-01 4.790492355823516846e-01
4.590099453926086426e-01 4.461115002632141113e-01
-8.957581222057342529e-02 3.382384777069091797e-03
1.440378725528717041e-01 1.402919292449951172e-01
5.041621327400207520e-01 4.620528817176818848e-01
4.159429073333740234e-01 3.652053177356719971e-01
4.102670550346374512e-01 3.947207927703857422e-01
9.826210737228393555e-01 9.589311480522155762e-01
6.269410997629165649e-02 7.970587909221649170e-02
2.058226317167282104e-01 3.023455142974853516e-01
1.801896393299102783e-01 1.613044738769531250e-01
9.719233512878417969e-01 9.665147066116333008e-01
9.595003128051757812e-01 9.828614592552185059e-01
7.169395685195922852e-02 -2.387607842683792114e-02
6.250330805778503418e-01 6.389576196670532227e-01
5.755082964897155762e-01 5.978994369506835938e-01
4.411002993583679199e-01 4.733314216136932373e-01
5.747488737106323242e-01 5.720027089118957520e-01
-2.340807020664215088e-01 -1.885596513748168945e-01
7.355554699897766113e-01 7.256581187248229980e-01
4.679537415504455566e-01 5.016101002693176270e-01
3.799031078815460205e-01 3.724335730075836182e-01
7.241304516792297363e-01 7.350087761878967285e-01
6.252936720848083496e-01 6.498144268989562988e-01
1.337887644767761230e-01 1.350192129611968994e-01
4.756850004196166992e-01 3.001198768615722656e-01
4.451146423816680908e-01 4.460874199867248535e-01
1.062373444437980652e-01 7.540559023618698120e-02
1.504349112510681152e-01 2.096922993659973145e-01
6.451908946037292480e-01 6.756827831268310547e-01
5.766659975051879883e-01 5.902163982391357422e-01
9.881333708763122559e-01 9.824590682983398438e-01
9.474366307258605957e-01 9.174625873565673828e-01
9.727078080177307129e-01 9.128500223159790039e-01
2.876327633857727051e-01 2.902287840843200684e-01
1.688118875026702881e-01 1.087466329336166382e-01
8.925238251686096191e-01 9.211606979370117188e-01
1.874004304409027100e-01 8.940411359071731567e-02
6.547666788101196289e-01 6.744807958602905273e-01
1.489832401275634766e-01 1.136534512042999268e-01
5.221005082130432129e-01 5.684420466423034668e-01
6.708097457885742188e-01 6.946407556533813477e-01
3.018826544284820557e-01 2.606132626533508301e-01
3.759942948818206787e-01 3.577824831008911133e-01
8.361443281173706055e-01 8.741932511329650879e-01
3.913585543632507324e-01 2.850118279457092285e-01
6.446383595466613770e-01 6.569697260856628418e-01
7.620648741722106934e-01 1.011381626129150391e+00
7.615261673927307129e-01 7.756123542785644531e-01
5.093054175376892090e-01 5.573460459709167480e-01
1.110482886433601379e-01 1.748774647712707520e-01
5.653430223464965820e-01 5.995128154754638672e-01
4.903311133384704590e-01 4.708159863948822021e-01
7.316426634788513184e-01 7.096809744834899902e-01
7.430656552314758301e-01 7.158048748970031738e-01
4.036711454391479492e-01 4.517233073711395264e-01
2.058833986520767212e-01 1.438787132501602173e-01
3.742918670177459717e-01 3.835617601871490479e-01
1.118276193737983704e-01 1.445740461349487305e-01
7.900023460388183594e-01 7.920402288436889648e-01
-1.391969919204711914e-01 -1.215225309133529663e-01
7.392373681068420410e-01 7.494045495986938477e-01
1.845456361770629883e-01 1.736907511949539185e-01
1.558184921741485596e-01 2.083947956562042236e-01
9.544272422790527344e-01 9.613796472549438477e-01
4.445624649524688721e-01 4.866272211074829102e-01
2.093555182218551636e-01 1.600674688816070557e-01
4.559361934661865234e-01 5.373197793960571289e-01
-2.470672577619552612e-01 -2.182630896568298340e-01
4.201494753360748291e-01 4.093241989612579346e-01
4.573936164379119873e-01 4.985945820808410645e-01
7.913101911544799805e-01 8.138843774795532227e-01
2.951156795024871826e-01 3.328439295291900635e-01
5.224892497062683105e-01 5.027258396148681641e-01
1.398102790117263794e-01 1.696476042270660400e-01
3.564511835575103760e-01 3.536123633384704590e-01
2.217541784048080444e-01 2.189938127994537354e-01
7.930129170417785645e-01 7.705226540565490723e-01
5.936574935913085938e-01 6.284107565879821777e-01
7.880355715751647949e-01 7.826772332191467285e-01
-4.372943937778472900e-02 -6.271240115165710449e-02
3.638848662376403809e-01 3.231371045112609863e-01
-2.186954021453857422e-01 -1.179933100938796997e-01
3.336679637432098389e-01 3.822020888328552246e-01
1.605773717164993286e-01 1.765096634626388550e-01
4.168532490730285645e-01 3.563325107097625732e-01
7.475990653038024902e-01 7.248879075050354004e-01
-1.629503071308135986e-01 -6.915611028671264648e-02
7.549956440925598145e-01 7.770324349403381348e-01
6.198437809944152832e-01 6.374498605728149414e-01
5.024127960205078125e-01 5.037338733673095703e-01
5.950214266777038574e-01 6.015878915786743164e-01
6.485468745231628418e-01 6.768680214881896973e-01
1.277075260877609253e-01 1.435951888561248779e-01
2.214318066835403442e-01 1.713414490222930908e-01
4.686897397041320801e-01 4.658855497837066650e-01
4.187672734260559082e-01 3.846173882484436035e-01
-1.726750284433364868e-01 -6.013639271259307861e-02
2.828220725059509277e-01 3.339215815067291260e-01
-2.463791817426681519e-01 -9.599477052688598633e-02
6.128345727920532227e-01 5.689427852630615234e-01
-1.239353865385055542e-01 1.342387869954109192e-02
5.651195049285888672e-01 5.720050930976867676e-01
1.256656348705291748e-01 2.184064537286758423e-01
6.774252653121948242e-01 7.367060780525207520e-01
5.410588383674621582e-01 5.715349912643432617e-01
-8.912643045186996460e-02 -7.545243948698043823e-03
4.657026231288909912e-01 4.666040837764739990e-01
1.628941297531127930e-01 1.996708214282989502e-01
4.916395545005798340e-01 5.038424730300903320e-01
-3.045610189437866211e-01 -2.297689318656921387e-01
7.930862903594970703e-01 7.794282436370849609e-01
4.979222714900970459e-01 4.635004401206970215e-01
3.457435667514801025e-01 3.946310579776763916e-01
6.228505969047546387e-01 6.301240921020507812e-01
1.956806182861328125e-01 1.579474061727523804e-01
3.881596624851226807e-01 4.359298646450042725e-01
4.896628558635711670e-01 5.154504776000976562e-01
-7.731743156909942627e-02 -1.112931221723556519e-02
1.582154929637908936e-01 2.452211081981658936e-01
9.356420040130615234e-01 9.525969624519348145e-01
7.399517297744750977e-01 7.057105302810668945e-01
1.963698565959930420e-01 6.892208755016326904e-02
6.256141662597656250e-01 5.764885544776916504e-01
2.426865249872207642e-01 1.973756700754165649e-01
6.628439426422119141e-01 6.782679557800292969e-01
-1.096024066209793091e-01 -1.494622826576232910e-01
-9.720391035079956055e-02 8.242022991180419922e-02
2.355670630931854248e-01 1.464097946882247925e-01
4.527810811996459961e-01 2.871737480163574219e-01
6.862658262252807617e-01 6.730744242668151855e-01
9.626157283782958984e-01 9.664394855499267578e-01
7.436580061912536621e-01 7.438403367996215820e-01
3.349003493785858154e-01 3.276621997356414795e-01
5.947030186653137207e-01 5.798497796058654785e-01
1.900889724493026733e-01 2.382405102252960205e-01
9.009756445884704590e-01 9.232524633407592773e-01
2.761716246604919434e-01 2.385419458150863647e-01
1.011069536209106445e+00 9.781537055969238281e-01
2.841861248016357422e-01 2.842652797698974609e-01
8.880051970481872559e-01 8.658974766731262207e-01
7.211704254150390625e-01 6.740692853927612305e-01
5.248591899871826172e-01 5.410119295120239258e-01
5.392274856567382812e-01 5.027302503585815430e-01
-7.898929715156555176e-02 -5.550105869770050049e-02
3.113853931427001953e-01 3.257233202457427979e-01
8.363326191902160645e-01 8.337339758872985840e-01
8.400800824165344238e-01 8.031368851661682129e-01
9.173358678817749023e-01 9.972760081291198730e-01
6.710940003395080566e-01 6.087467670440673828e-01
5.793067812919616699e-01 5.921211838722229004e-01
4.669314026832580566e-01 4.196493029594421387e-01
9.119927883148193359e-01 8.958432674407958984e-01
5.788342952728271484e-01 5.917511582374572754e-01
9.205209612846374512e-01 1.056312561035156250e+00
5.516347885131835938e-01 5.854193568229675293e-01
1.586254537105560303e-01 1.407866179943084717e-01
2.489429265260696411e-01 8.671706914901733398e-02
8.138836026191711426e-01 8.061287999153137207e-01
6.037073731422424316e-01 6.046158671379089355e-01
-5.004011094570159912e-03 1.059849411249160767e-01
5.766339302062988281e-01 5.996045470237731934e-01
-5.934860184788703918e-02 -1.431168317794799805e-01
6.009985208511352539e-01 5.970070958137512207e-01
5.953468084335327148e-01 6.374350786209106445e-01
2.901370227336883545e-01 2.797974348068237305e-01
8.460800051689147949e-01 8.321447968482971191e-01
3.210686147212982178e-01 3.158912062644958496e-01
2.859051227569580078e-01 2.219916731119155884e-01
6.503840684890747070e-01 7.004210948944091797e-01
-1.032141968607902527e-01 -1.499294489622116089e-01
1.670056879520416260e-01 1.614781916141510010e-01
2.429973632097244263e-01 1.752556860446929932e-01
2.536443471908569336e-01 3.167638778686523438e-01
1.943272352218627930e-01 1.907057613134384155e-01
2.096408307552337646e-01 1.331673115491867065e-01
4.090736508369445801e-01 4.475974738597869873e-01
4.081789255142211914e-01 3.765881955623626709e-01
9.891697764396667480e-01 9.603317379951477051e-01
3.255637884140014648e-01 3.323911130428314209e-01
-1.977172344923019409e-01 -8.366425335407257080e-02
2.810687422752380371e-01 2.074504643678665161e-01
6.390087306499481201e-02 8.633128553628921509e-02
2.301926612854003906e-01 2.775633633136749268e-01
5.617113113403320312e-01 5.527510046958923340e-01
6.126773953437805176e-01 5.820875167846679688e-01
3.231137990951538086e-01 4.185387194156646729e-01
4.167192578315734863e-01 3.791562914848327637e-01
7.051753401756286621e-01 6.903370022773742676e-01
3.363304436206817627e-01 2.759211063385009766e-01
1.692172288894653320e-01 1.639319062232971191e-01
5.340692400932312012e-01 5.306346416473388672e-01
-1.928317248821258545e-01 -9.901736676692962646e-02
1.130272030830383301e+00 1.044544816017150879e+00
3.167403936386108398e-01 3.183029294013977051e-01
7.083580493927001953e-01 7.875772118568420410e-01
5.675014257431030273e-01 6.839410066604614258e-01
5.519317463040351868e-02 6.356356292963027954e-02
9.242655038833618164e-01 9.606930613517761230e-01
-1.875231862068176270e-01 -1.658489704132080078e-01
1.189086437225341797e+00 1.191714048385620117e+00
-1.909539550542831421e-01 -2.013079673051834106e-01
4.019753634929656982e-01 4.123179614543914795e-01
5.835413336753845215e-01 5.615702867507934570e-01
3.209697604179382324e-01 2.694393396377563477e-01
9.914860725402832031e-01 1.077977657318115234e+00
5.263827443122863770e-01 4.274269044399261475e-01
4.024169147014617920e-01 3.917006552219390869e-01
3.855295479297637939e-01 4.262180626392364502e-01
2.037514895200729370e-01 1.614047437906265259e-01
6.447533369064331055e-01 6.173102855682373047e-01
8.627973794937133789e-01 8.324897885322570801e-01
6.571797728538513184e-01 6.332514882087707520e-01
4.672839641571044922e-01 4.110671877861022949e-01
-2.021042257547378540e-01 -1.069650202989578247e-01
5.013364553451538086e-01 4.363024532794952393e-01
3.380100131034851074e-01 1.357202678918838501e-01
6.347642540931701660e-01 6.216061711311340332e-01
-3.311204314231872559e-01 -3.473007082939147949e-01
8.292291760444641113e-01 8.001264929771423340e-01
-3.858386278152465820e-01 -3.093571960926055908e-01
2.076510339975357056e-03 5.123581364750862122e-02
1.087860822677612305e+00 1.119567275047302246e+00
1.429080590605735779e-02 5.157042294740676880e-03
2.947703599929809570e-01 2.094274312257766724e-01
8.196104764938354492e-01 7.858730554580688477e-01
2.122046798467636108e-01 1.227890402078628540e-01
2.845706939697265625e-01 2.527670860290527344e-01
6.417909264564514160e-01 6.239448785781860352e-01
7.313840985298156738e-01 7.324431538581848145e-01
7.662423849105834961e-01 7.556532025337219238e-01
-4.870401322841644287e-02 -9.147240221500396729e-02
6.049120426177978516e-01 6.205609440803527832e-01
6.878771781921386719e-01 6.993456482887268066e-01
2.726293504238128662e-01 1.969780921936035156e-01
1.162560731172561646e-01 1.369152814149856567e-01
3.100585043430328369e-01 3.365034162998199463e-01
3.294197320938110352e-01 2.703569233417510986e-01
1.670407950878143311e-01 1.575515866279602051e-01
1.487049758434295654e-01 1.583708822727203369e-01
5.919074416160583496e-01 6.172790527343750000e-01
-1.571664363145828247e-01 4.122837632894515991e-02
2.739487886428833008e-01 2.265479713678359985e-01
7.720410823822021484e-01 7.615008354187011719e-01
-9.386865049600601196e-02 -7.063755393028259277e-02
-4.315312206745147705e-02 -4.774279892444610596e-03
1.836557686328887939e-01 1.346543133258819580e-01
1.994962543249130249e-01 2.259822338819503784e-01
2.263545840978622437e-01 1.901783496141433716e-01
7.246517539024353027e-01 7.078531384468078613e-01
4.054341614246368408e-01 3.652628660202026367e-01
4.673947393894195557e-01 5.098128318786621094e-01
1.175425529479980469e+00 1.160184621810913086e+00
7.876002788543701172e-01 6.879721283912658691e-01
3.684220910072326660e-01 2.790983915328979492e-01
2.382446229457855225e-01 2.499219328165054321e-01
8.538437485694885254e-01 9.888194799423217773e-01
1.454072445631027222e-01 1.687365472316741943e-01
1.931393146514892578e-01 2.295346558094024658e-01
1.767095178365707397e-01 2.463555037975311279e-01
4.760064184665679932e-01 5.009465217590332031e-01
1.311706602573394775e-01 1.179281994700431824e-01
4.920942187309265137e-01 4.570672214031219482e-01
5.497242808341979980e-01 5.400277376174926758e-01
5.591071248054504395e-01 5.331771969795227051e-01
1.567892543971538544e-02 1.012060940265655518e-01
1.009512543678283691e-01 1.242931783199310303e-01
-1.162020713090896606e-01 -1.181876808404922485e-01
3.848204016685485840e-01 3.716034591197967529e-01
2.601738274097442627e-01 2.115638703107833862e-01
-4.703721031546592712e-02 -2.808912098407745361e-02
1.129458189010620117e+00 1.125087618827819824e+00
7.846538424491882324e-01 8.049983978271484375e-01
8.369595408439636230e-01 8.171061873435974121e-01
4.398415088653564453e-01 4.577493369579315186e-01
-2.417648732662200928e-01 -1.254077851772308350e-01
4.227627217769622803e-01 4.381561577320098877e-01
4.020336568355560303e-01 4.126655757427215576e-01
7.496729493141174316e-01 7.812921404838562012e-01
4.291489124298095703e-01 4.143053591251373291e-01
8.461185097694396973e-01 8.519560098648071289e-01
2.529032826423645020e-01 1.634745597839355469e-01
5.910677909851074219e-01 5.486236214637756348e-01
1.042155742645263672e+00 1.027781963348388672e+00
-9.507033228874206543e-02 -2.242282032966613770e-02
1.019512653350830078e+00 1.033624410629272461e+00
6.040332317352294922e-01 5.710695385932922363e-01
3.150486052036285400e-01 3.271149098873138428e-01
-2.454287838190793991e-03 8.239568769931793213e-02
7.100887298583984375e-01 6.886471509933471680e-01
7.361827045679092407e-02 6.905793398618698120e-02
6.299162507057189941e-01 6.683086752891540527e-01
-8.509570360183715820e-02 6.597630679607391357e-02
-8.113059401512145996e-02 7.915461808443069458e-02
8.184922486543655396e-02 8.215992897748947144e-02
2.650135159492492676e-01 3.988988399505615234e-01
2.698892354965209961e-01 3.082037270069122314e-01
-7.513278722763061523e-02 -7.564714550971984863e-02
2.706832289695739746e-01 1.397715359926223755e-01
8.102532625198364258e-01 8.232928514480590820e-01
9.282901883125305176e-01 9.652551412582397461e-01
1.718440055847167969e-01 8.492234349250793457e-02
7.998584508895874023e-01 8.461538553237915039e-01
9.787990450859069824e-01 9.102696776390075684e-01
7.154815793037414551e-01 7.453722953796386719e-01
8.637183904647827148e-01 8.176664710044860840e-01
1.971763372421264648e-01 1.520110368728637695e-01
3.517211228609085083e-02 2.342694401741027832e-01
1.249295026063919067e-01 2.569497190415859222e-02
8.167263865470886230e-01 8.244409561157226562e-01
3.753660917282104492e-01 2.747887969017028809e-01
3.358151912689208984e-01 3.160946369171142578e-01
2.085907906293869019e-01 2.940979003906250000e-01
4.998744130134582520e-01 5.563938021659851074e-01
2.924325168132781982e-01 1.546845138072967529e-01
-1.127248033881187439e-01 -9.805303812026977539e-02
7.425426840782165527e-01 7.355548739433288574e-01
3.048136830329895020e-01 2.887868881225585938e-01
-3.905996084213256836e-01 -4.959851503372192383e-01
4.236654639244079590e-01 3.658649027347564697e-01
4.167008697986602783e-01 4.534266293048858643e-01
3.884325623512268066e-01 4.634877145290374756e-01
4.220569729804992676e-01 4.371780157089233398e-01
8.314245939254760742e-02 1.100505292415618896e-01
-3.084886074066162109e-01 -4.445421695709228516e-01
-7.917426526546478271e-03 1.576138436794281006e-01
3.418246805667877197e-01 3.469752371311187744e-01
6.682643294334411621e-01 6.872009634971618652e-01
4.507823586463928223e-01 3.159060478210449219e-01
4.712851345539093018e-01 4.937779009342193604e-01
2.304897606372833252e-01 2.344802469015121460e-01
5.229526162147521973e-01 4.959524273872375488e-01
3.053486049175262451e-01 2.831958532333374023e-01
7.010487914085388184e-01 8.061003088951110840e-01
5.866547822952270508e-01 5.904195308685302734e-01
5.502015352249145508e-01 4.914155900478363037e-01
1.204907819628715515e-01 2.251409441232681274e-01
-2.410532236099243164e-01 -6.137734651565551758e-02
2.806948423385620117e-01 1.950988024473190308e-01
3.493238389492034912e-01 3.097266554832458496e-01
-2.704320847988128662e-01 -1.020403951406478882e-01
1.354568600654602051e-01 1.635965704917907715e-01
4.233101308345794678e-01 4.283373057842254639e-01
3.341182768344879150e-01 4.150844514369964600e-01
4.416506886482238770e-01 4.382508099079132080e-01
1.330934558063745499e-02 -2.131590247154235840e-02
-1.420361362397670746e-02 -1.724717468023300171e-01
7.837554812431335449e-01 7.837764024734497070e-01
1.517396718263626099e-01 1.553019434213638306e-01
1.933144032955169678e-01 1.928267180919647217e-01
3.078046739101409912e-01 2.319346070289611816e-01
5.142628774046897888e-02 4.273241385817527771e-02
-1.299236901104450226e-02 8.380809426307678223e-02
4.259833395481109619e-01 4.487590491771697998e-01
1.015562772750854492e+00 9.605917930603027344e-01
3.525483608245849609e-01 3.196718096733093262e-01
4.480585455894470215e-03 7.161740213632583618e-02
6.687349677085876465e-01 6.623321771621704102e-01
4.135143160820007324e-01 3.967783451080322266e-01
4.981609582901000977e-01 5.395884513854980469e-01
5.550891757011413574e-01 5.232858657836914062e-01
1.044056057929992676e+00 1.017846822738647461e+00
5.402462556958198547e-03 1.294774115085601807e-01
-3.352656960487365723e-01 -2.428392469882965088e-01
7.612618207931518555e-01 8.003264069557189941e-01
6.477562189102172852e-01 6.495608687400817871e-01
2.680557668209075928e-01 2.128110080957412720e-01
-2.759873569011688232e-01 -9.692999720573425293e-02
4.917233288288116455e-01 4.868762195110321045e-01
5.813586711883544922e-01 6.043359041213989258e-01
4.483521282672882080e-01 4.163430035114288330e-01
5.684675574302673340e-01 5.811538696289062500e-01
4.431777298450469971e-01 4.152699708938598633e-01
6.163483262062072754e-01 6.438952684402465820e-01
5.774735007435083389e-03 1.015056446194648743e-01
1.174507886171340942e-01 1.742954999208450317e-01
5.356609225273132324e-01 5.189573764801025391e-01
3.318567872047424316e-01 2.929592728614807129e-01
5.277099609375000000e-01 5.114945769309997559e-01
7.454904913902282715e-01 7.654948830604553223e-01
9.752427935600280762e-01 9.857462048530578613e-01
4.981975853443145752e-01 5.307686328887939453e-01
4.603921175003051758e-01 3.655082881450653076e-01
1.694374531507492065e-02 6.834876537322998047e-02
1.926498264074325562e-01 1.664020717144012451e-01
3.549764677882194519e-02 9.328444302082061768e-02
6.449155211448669434e-01 6.617416143417358398e-01
1.346073448657989502e-01 1.563973873853683472e-01
5.021510124206542969e-01 5.000591874122619629e-01
2.020030319690704346e-01 1.305090785026550293e-01
1.078866600990295410e+00 9.993795156478881836e-01
5.916010737419128418e-01 6.007966995239257812e-01
4.658633172512054443e-01 4.910719096660614014e-01
1.354290097951889038e-01 1.370890736579895020e-01
-1.567585021257400513e-02 1.125019788742065430e-01
7.672666311264038086e-01 6.892615556716918945e-01
2.209845185279846191e-01 1.763461679220199585e-01
5.043492913246154785e-01 4.973403215408325195e-01
7.681271433830261230e-01 7.898106575012207031e-01
3.854609131813049316e-01 3.162434101104736328e-01
2.794562876224517822e-01 6.489224731922149658e-02
9.109353423118591309e-01 9.067181944847106934e-01
1.112511754035949707e+00 8.995544910430908203e-01
8.404088616371154785e-01 8.674798011779785156e-01
5.699056982994079590e-01 6.354351043701171875e-01
5.819886326789855957e-01 5.486153960227966309e-01
6.514412164688110352e-01 6.675925254821777344e-01
6.614154577255249023e-01 7.024394273757934570e-01
-1.745578795671463013e-01 -6.565559655427932739e-02
6.800159215927124023e-01 6.976072788238525391e-01
5.717543363571166992e-01 5.918596386909484863e-01
4.255038201808929443e-01 4.854596257209777832e-01
1.365620046854019165e-01 8.013345301151275635e-02
1.044317185878753662e-01 1.979026049375534058e-01
9.835821390151977539e-01 1.024186491966247559e+00
2.157814055681228638e-01 4.321702569723129272e-02
3.059621453285217285e-01 2.144393920898437500e-01
3.331212997436523438e-01 3.188009262084960938e-01
1.098565101623535156e+00 1.110284805297851562e+00
7.424520254135131836e-01 7.206992506980895996e-01
3.173320293426513672e-01 2.626455426216125488e-01
6.461212038993835449e-01 5.900899767875671387e-01
4.554131031036376953e-01 3.897273242473602295e-01
1.078109741210937500e-01 -5.566050857305526733e-02
4.925936162471771240e-01 4.703601300716400146e-01
3.492039861157536507e-03 3.175178170204162598e-02
1.527743637561798096e-01 1.166336908936500549e-01
5.182172656059265137e-01 5.452274084091186523e-01
-3.377274274826049805e-01 -3.320785760879516602e-01
8.322174102067947388e-02 6.971149146556854248e-02
3.074460662901401520e-02 3.618028759956359863e-02
2.261170186102390289e-02 5.274213105440139771e-02
1.083333849906921387e+00 1.040161371231079102e+00
4.986824095249176025e-01 5.177186131477355957e-01
6.387469172477722168e-01 6.286944150924682617e-01
2.768235839903354645e-02 -1.439727842807769775e-02
5.332230329513549805e-01 5.316911339759826660e-01
-1.965967416763305664e-01 -1.315759122371673584e-01
5.099816322326660156e-01 4.654185175895690918e-01
-5.059333145618438721e-02 5.902010947465896606e-02
2.173961699008941650e-01 1.486329883337020874e-01
8.224605917930603027e-01 8.454402089118957520e-01
6.177592873573303223e-01 6.413030624389648438e-01
3.798743486404418945e-01 4.132910072803497314e-01
8.641906976699829102e-01 7.038420438766479492e-01
1.153330579400062561e-01 1.340581178665161133e-01
5.486818552017211914e-01 5.383892059326171875e-01
4.413677155971527100e-01 5.038212537765502930e-01
3.727647960186004639e-01 3.599105477333068848e-01
-1.230514645576477051e-01 -1.035794466733932495e-01
-7.910266518592834473e-02 -6.766471266746520996e-02
5.047416687011718750e-01 5.006264448165893555e-01
7.282992601394653320e-01 6.997447609901428223e-01
2.312821149826049805e-01 2.716228365898132324e-01
1.170044302940368652e+00 1.153961658477783203e+00
1.007385253906250000e+00 9.969668388366699219e-01
6.193221211433410645e-01 6.265920400619506836e-01
1.188299894332885742e+00 9.993634223937988281e-01
3.408139944076538086e-01 3.079967796802520752e-01
5.249131917953491211e-01 5.334563851356506348e-01
4.375768601894378662e-01 4.244626760482788086e-01
8.618179708719253540e-03 7.448275387287139893e-02
8.981165289878845215e-01 9.558013677597045898e-01
1.931944936513900757e-01 2.041386663913726807e-01
3.221285939216613770e-01 3.515394628047943115e-01
7.786092758178710938e-01 7.568370699882507324e-01
5.919209122657775879e-01 6.042919158935546875e-01
-2.177732139825820923e-01 -1.271750628948211670e-01
3.328894972801208496e-01 3.497550487518310547e-01
2.988286614418029785e-01 3.114522993564605713e-01
1.590489745140075684e-01 2.757485508918762207e-01
2.620809674263000488e-01 2.945065796375274658e-01
-8.119060844182968140e-02 -3.478214889764785767e-02
1.121260449290275574e-01 1.266526877880096436e-01
7.518945336341857910e-01 7.817668318748474121e-01
7.226652503013610840e-01 7.187376022338867188e-01
3.155582845211029053e-01 2.758977413177490234e-01
-8.946213126182556152e-02 3.229232132434844971e-02
1.187748312950134277e+00 1.154975533485412598e+00
3.345683962106704712e-02 -3.648583590984344482e-02
5.444741249084472656e-01 5.766966938972473145e-01
2.656599581241607666e-01 2.079373598098754883e-01
8.201150298118591309e-01 7.865344882011413574e-01
7.153043407015502453e-04 -4.781160503625869751e-03
1.678983718156814575e-01 1.618547141551971436e-01
9.260650873184204102e-01 9.344861507415771484e-01
-2.557862317189574242e-03 1.485771238803863525e-01
8.603014349937438965e-01 8.644896745681762695e-01
2.161809653043746948e-01 1.931332647800445557e-01
4.182125627994537354e-01 4.304105043411254883e-01
1.174615144729614258e+00 1.137787222862243652e+00
-1.025608330965042114e-01 -5.321153253316879272e-02
3.234319984912872314e-01 3.361489772796630859e-01
3.210037350654602051e-01 3.428161442279815674e-01
8.462522625923156738e-01 8.585602045059204102e-01
4.871274828910827637e-01 4.870369136333465576e-01
-1.146011650562286377e-01 4.750607162714004517e-02
-4.276890307664871216e-02 -6.916754692792892456e-02
5.731973648071289062e-01 6.241219043731689453e-01
5.122990906238555908e-02 -2.354491502046585083e-03
9.004141688346862793e-01 9.379113912582397461e-01
-1.102721970528364182e-02 5.026549845933914185e-02
-1.639629155397415161e-01 -1.447195708751678467e-01
9.979186058044433594e-01 9.812597632408142090e-01
3.124490976333618164e-01 3.289700150489807129e-01
6.661646366119384766e-01 6.716752648353576660e-01
3.708090782165527344e-01 4.046372473239898682e-01
1.755336374044418335e-01 7.097690552473068237e-02
8.281490206718444824e-01 8.422116041183471680e-01
7.518796324729919434e-01 7.469329237937927246e-01
9.464218616485595703e-01 9.697402715682983398e-01
4.378736913204193115e-01 3.790772855281829834e-01
1.372732669115066528e-01 1.681300550699234009e-01
1.836398392915725708e-01 1.269839257001876831e-01
1.927078142762184143e-02 2.947638742625713348e-02
-5.769561231136322021e-02 8.483485877513885498e-02
4.711333215236663818e-01 4.377304315567016602e-01
4.196798503398895264e-01 3.532709181308746338e-01
-2.482399195432662964e-01 -2.105001211166381836e-01
7.947950959205627441e-01 7.675161361694335938e-01
1.462218463420867920e-01 2.354216128587722778e-01
2.546347379684448242e-01 1.621134877204895020e-01
-2.313431724905967712e-02 -1.270803809165954590e-01
7.235612720251083374e-02 1.978239566087722778e-01
9.432454109191894531e-01 9.559946656227111816e-01
2.133152931928634644e-01 2.272648066282272339e-01
6.427645683288574219e-01 6.021343469619750977e-01
3.833124935626983643e-01 3.558356165885925293e-01
1.196034401655197144e-01 1.709200441837310791e-01
5.684932321310043335e-02 1.008664071559906006e-01
4.803189933300018311e-01 4.783597588539123535e-01
5.827787518501281738e-01 5.710292458534240723e-01
2.051487565040588379e-01 1.855178326368331909e-01
4.741232395172119141e-01 4.915594756603240967e-01
1.292312741279602051e-01 1.432860195636749268e-01
1.805901974439620972e-01 1.606063544750213623e-01
2.266081124544143677e-01 1.556129455566406250e-01
6.605347990989685059e-01 7.080282568931579590e-01
4.256657958030700684e-01 3.903432786464691162e-01
3.259157240390777588e-01 3.710810840129852295e-01
2.409441024065017700e-01 2.366672456264495850e-01
2.233368307352066040e-01 9.187592566013336182e-02
4.481595158576965332e-01 4.889138638973236084e-01
9.150270372629165649e-02 1.530362069606781006e-01
9.166374206542968750e-01 8.652585744857788086e-01
2.892688512802124023e-01 2.603379487991333008e-01
1.126271963119506836e+00 1.182189822196960449e+00
2.974828779697418213e-01 3.002464771270751953e-01
1.109768033027648926e+00 8.713437318801879883e-01
7.416214942932128906e-01 7.488429546356201172e-01
7.859913110733032227e-01 8.007879257202148438e-01
1.573792695999145508e-01 1.044561117887496948e-01
4.594818055629730225e-01 4.582248926162719727e-01
1.673915982246398926e-01 1.836204677820205688e-01
2.642603516578674316e-01 4.099547564983367920e-01
4.532829523086547852e-01 4.635248780250549316e-01
4.683230221271514893e-01 4.899841845035552979e-01
8.968692421913146973e-01 8.610138297080993652e-01
5.548045039176940918e-01 5.739794969558715820e-01
3.416351974010467529e-01 2.613343000411987305e-01
-2.559149079024791718e-02 1.182681247591972351e-01
6.768367886543273926e-01 7.022541761398315430e-01
5.630632042884826660e-01 5.452574491500854492e-01
4.093844294548034668e-01 3.724609911441802979e-01
-2.870324850082397461e-01 -2.759840786457061768e-01
-3.314368128776550293e-01 -1.787462830543518066e-02
7.681556344032287598e-01 7.912458181381225586e-01
3.062330186367034912e-01 1.799170076847076416e-01
8.052501082420349121e-02 4.901252314448356628e-02
7.914710044860839844e-02 1.226159855723381042e-01
1.825419962406158447e-01 1.584349870681762695e-01
7.653931528329849243e-02 4.054696112871170044e-02
7.887889742851257324e-01 7.691589593887329102e-01
8.486710190773010254e-01 8.724634051322937012e-01
5.106237530708312988e-01 5.255836248397827148e-01
6.306538581848144531e-01 6.211997866630554199e-01
7.602884173393249512e-01 7.315063476562500000e-01
-1.256182640790939331e-01 -1.532747447490692139e-01
6.576808542013168335e-02 1.691304594278335571e-01
3.553256392478942871e-01 3.417170941829681396e-01
7.418587803840637207e-02 6.927710771560668945e-02
5.008667707443237305e-01 5.205304622650146484e-01
9.264678955078125000e-01 9.151243567466735840e-01
4.692430794239044189e-01 4.726888537406921387e-01
3.450230062007904053e-01 3.761173188686370850e-01
4.851915836334228516e-01 5.019654035568237305e-01
6.334797739982604980e-01 5.597664117813110352e-01
9.041698575019836426e-01 8.611340522766113281e-01
1.440168321132659912e-01 1.420232653617858887e-01
8.543327450752258301e-01 8.394768238067626953e-01
8.365142941474914551e-01 8.550137877464294434e-01
1.068570733070373535e+00 9.643960595130920410e-01
3.466337621212005615e-01 3.460885286331176758e-01
-6.531011313199996948e-03 4.776391014456748962e-02
4.590057432651519775e-01 5.017777681350708008e-01
-2.123595960438251495e-02 1.994758844375610352e-03
1.916549801826477051e-01 9.876711666584014893e-02
3.213021457195281982e-01 3.508585691452026367e-01
7.843410372734069824e-01 8.040462732315063477e-01
4.398105144500732422e-01 4.546272456645965576e-01
5.969049930572509766e-01 6.109816431999206543e-01
4.563081264495849609e-01 3.046532869338989258e-01
6.809117794036865234e-01 7.260990142822265625e-01
5.599539279937744141e-01 6.073847413063049316e-01
3.629694581031799316e-01 4.031046926975250244e-01
1.123649597167968750e+00 1.136506438255310059e+00
8.228103518486022949e-01 7.034440636634826660e-01
7.814746499061584473e-01 8.079476952552795410e-01
8.122995495796203613e-01 8.424949645996093750e-01
1.060909867286682129e+00 1.038907051086425781e+00
-3.198131918907165527e-01 -3.553789258003234863e-01
3.924218118190765381e-01 4.070489704608917236e-01
-2.196942716836929321e-01 -7.317034900188446045e-02
5.993296504020690918e-01 6.641036868095397949e-01
2.524176537990570068e-01 2.844085395336151123e-01
5.685616135597229004e-01 5.238141417503356934e-01
-3.466494381427764893e-02 8.632785826921463013e-02
5.606434345245361328e-01 5.562788248062133789e-01
-1.610672622919082642e-01 -1.739279776811599731e-01
7.166265249252319336e-01 6.993601322174072266e-01
8.110660314559936523e-01 8.414126038551330566e-01
-2.835234627127647400e-02 1.072729825973510742e-01
-2.640141732990741730e-02 -6.449031084775924683e-02
7.810754179954528809e-01 7.708262205123901367e-01
-6.193566694855690002e-02 1.162514612078666687e-01
9.851034879684448242e-01 9.581444859504699707e-01
4.541938602924346924e-01 3.907308876514434814e-01
7.809631228446960449e-01 1.070704221725463867e+00
1.591948717832565308e-01 1.253770887851715088e-01
4.630724191665649414e-01 4.679059088230133057e-01
6.364277005195617676e-01 6.251785755157470703e-01
4.276271462440490723e-01 3.827808797359466553e-01
3.022663593292236328e-01 2.879149019718170166e-01
7.561408281326293945e-01 7.322037220001220703e-01
-2.027768045663833618e-01 3.089372441172599792e-02
-2.739214897155761719e-01 -2.446911633014678955e-01
1.104843378067016602e+00 1.060754418373107910e+00
3.114959597587585449e-01 2.295509129762649536e-01
8.790532499551773071e-02 5.020951107144355774e-02
1.730984598398208618e-01 7.419493049383163452e-02
6.268857717514038086e-01 5.869984626770019531e-01
5.759512782096862793e-01 5.658528804779052734e-01
5.410710573196411133e-01 5.736172795295715332e-01
7.288202047348022461e-01 7.278295755386352539e-01
-1.763717383146286011e-01 -1.446404159069061279e-01
1.558340191841125488e-01 8.964177966117858887e-02
6.012512445449829102e-01 6.068760156631469727e-01
1.005330562591552734e+00 8.893930315971374512e-01
3.422977626323699951e-01 2.509542703628540039e-01
-1.808522343635559082e-01 -1.692456156015396118e-01
2.298371493816375732e-02 -4.312106966972351074e-02
5.976134538650512695e-01 5.844180583953857422e-01
3.646308779716491699e-01 4.067710936069488525e-01
1.128136038780212402e+00 1.037601590156555176e+00
6.258568763732910156e-01 6.042695641517639160e-01
9.831331372261047363e-01 9.762315750122070312e-01
2.587367296218872070e-01 3.463199436664581299e-01
6.423577070236206055e-01 6.044023036956787109e-01
7.218885421752929688e-01 7.220669984817504883e-01
1.980886161327362061e-01 2.542537450790405273e-01
6.077753901481628418e-01 6.055194139480590820e-01
3.846496939659118652e-01 3.690733313560485840e-01
2.249769419431686401e-01 2.148744314908981323e-01
2.867861390113830566e-01 2.603785395622253418e-01
6.410972476005554199e-01 6.890455484390258789e-01
6.934487819671630859e-01 6.868427991867065430e-01
1.075887203216552734e+00 1.130515933036804199e+00
2.924624681472778320e-01 2.982711493968963623e-01
7.377061992883682251e-03 1.912321895360946655e-02
4.169296622276306152e-01 5.584927797317504883e-01
7.958850860595703125e-01 7.910072803497314453e-01
8.109285235404968262e-01 8.189644813537597656e-01
4.876459836959838867e-01 4.661195278167724609e-01
1.172512412071228027e+00 1.118096828460693359e+00
9.033752977848052979e-02 5.938794091343879700e-02
-2.368455231189727783e-01 -1.755282431840896606e-01
-1.640329062938690186e-01 -2.112328261137008667e-02
4.667100310325622559e-01 4.656022787094116211e-01
