2.040581936016678810e-01 4.327702830000550865e-02
1.046265073819085956e-01 2.939414985161949156e-02
6.826694426126778126e-02 1.799454206293097866e-02
5.506292183417826891e-02 1.302406225971682388e-02
4.650003369897603989e-02 1.284877033101101615e-02
3.979354049079120159e-02 1.057629624858223358e-02
3.619790187804028392e-02 9.068704520402837491e-03
3.321494234842248261e-02 8.931237454948370499e-03
2.973733993712812662e-02 9.463887238895544660e-03
2.642389968968927860e-02 9.128605858876310056e-03
2.406068306299857795e-02 8.161514084406365499e-03
1.993808161932975054e-02 5.388319705740125982e-03
1.674594637006521225e-02 5.367571483756840810e-03
1.369646494276821613e-02 4.746736714081222636e-03
1.267134913359768689e-02 3.500550748996549087e-03
1.482828489679377526e-02 5.161135080170795204e-03
1.082594912440981716e-02 3.205923113715321293e-03
1.048748441098723561e-02 3.288740898079232141e-03
1.239745131169911474e-02 4.061643483356188605e-03
9.683412339654751122e-03 3.284916515021730262e-03
9.355086527648381889e-03 3.470932389040876694e-03
1.084586964861955494e-02 4.913266336219794528e-03
9.902831021463498473e-03 3.182135521999230731e-03
8.676406170707195997e-03 2.947533127341822861e-03
8.820263610687106848e-03 2.896540564310946895e-03
7.403564435662701726e-03 2.366759066477741678e-03
7.491086362279020250e-03 2.721374145831640095e-03
7.472541576134972274e-03 2.469687163346348090e-03
7.294724775420036167e-03 2.726389577943501719e-03
7.887579078669659793e-03 2.524669662625182807e-03
8.136729942634701729e-03 3.060153726436876283e-03
8.252294508565682918e-03 3.308461606171772453e-03
6.441465026000514627e-03 2.275550548356977329e-03
6.635836194618605077e-03 2.056987765092503379e-03
6.181369266414549202e-03 1.814021915795567931e-03
6.096126417105551809e-03 2.009843030581740138e-03
6.683029241685289890e-03 2.091501395808857862e-03
5.960678350675152615e-03 2.342895032210480597e-03
5.771151074441149831e-03 1.797923624068073576e-03
7.379592818324454129e-03 2.310871775493506582e-03
8.626511931652203202e-03 2.694984431704690753e-03
5.521255814528558403e-03 1.727971432505516882e-03
5.593367059191223234e-03 1.872163789728696105e-03
5.997297681460622698e-03 2.514687379350011732e-03
5.984434406855143607e-03 2.111417139395819088e-03
6.349100833176635206e-03 2.192976537041007711e-03
5.917355229030363262e-03 2.739968434146659772e-03
5.431450546893756837e-03 1.497117012367386478e-03
4.981537131243385375e-03 1.746018156859976619e-03
5.396404885686933994e-03 1.878454076910558105e-03
5.823029052407946438e-03 2.144209764539554280e-03
5.113462342706043273e-03 1.527933418354861586e-03
4.358402606158051640e-03 1.966870349637405303e-03
5.392353705246932805e-03 1.949879412288166129e-03
6.044644775101915002e-03 2.380443099433510786e-03
4.695874791650567204e-03 2.464236354875058883e-03
4.480333729588892311e-03 1.335846495828293262e-03
5.004911614378215745e-03 1.935731298833537990e-03
4.589951742673292756e-03 1.419318224238245952e-03
4.715890892839524895e-03 1.483887888638718740e-03
4.987767773855011910e-03 2.163013861322744119e-03
4.536254411505069584e-03 1.372352997637711885e-03
4.653316471376456320e-03 1.437121883258073206e-03
4.369709975435398519e-03 1.449036521407732212e-03
4.498093436268391088e-03 1.737165225915449692e-03
5.283743004838470370e-03 1.918383736323061618e-03
5.046723119448870420e-03 2.330676810347827310e-03
4.708734930318314582e-03 1.684596400165970249e-03
4.968352812284138054e-03 1.797906940863900184e-03
4.463000339455902576e-03 1.384047676345027305e-03
3.651925602753181010e-03 1.412015164107375880e-03
4.164291643974138424e-03 1.790142965719363193e-03
4.122087455471046269e-03 1.360807559640504413e-03
4.628292837878689170e-03 1.389903452372245407e-03
4.064584973093587905e-03 1.295775454844656175e-03
4.347180736658629030e-03 1.347892379076664864e-03
4.010157354059629142e-03 1.357832726536885130e-03
4.152430177782662213e-03 1.909911543111086733e-03
4.149949192651547492e-03 1.695747143497505815e-03
4.426109720952808857e-03 1.829352811963748642e-03
4.258346525602973998e-03 1.477304234225348565e-03
4.826922438951442018e-03 1.587076700996412808e-03
4.498657894146163017e-03 1.646006842731504794e-03
3.868221350785461254e-03 1.506982357126627342e-03
4.015123748104088008e-03 1.294007499919724120e-03
4.215110948280198500e-03 1.442200061314679932e-03
4.833556697121821344e-03 2.055481237275609378e-03
4.865548624366056174e-03 2.200838290266332771e-03
3.959822073738905601e-03 1.840977521976895669e-03
3.565254002751316875e-03 1.218089419231280441e-03
3.496315024676732719e-03 1.219067535909618659e-03
3.868737192533444613e-03 9.654435325549138702e-04
3.691146575874881819e-03 1.427151732510022891e-03
3.832341542874928564e-03 1.640251876563528699e-03
3.588877592846984044e-03 1.392566141191422082e-03
3.927414072677493095e-03 1.409473944922985406e-03
3.970860700064804405e-03 1.441503527447045036e-03
4.057502679643221200e-03 1.828441989403590401e-03
3.541539368598023430e-03 1.383950586658326196e-03
4.394256749947089702e-03 1.886373540525364267e-03
3.637890185927972198e-03 1.036251206645698135e-03
4.121528392715845257e-03 1.539904430317772010e-03
3.387116612429963425e-03 1.148913176301812229e-03
3.399967550649307668e-03 1.056398639344124143e-03
3.398458306037355214e-03 1.230857908684679283e-03
4.033847173559479415e-03 1.278951471548151614e-03
3.420672757783904672e-03 1.671280351672695553e-03
3.224687519832514226e-03 1.142483777819731710e-03
3.436507744481787086e-03 1.400654036238423378e-03
3.563827289326582104e-03 1.606255654856716389e-03
3.391645543160848320e-03 1.055424653170851075e-03
3.097003998846048489e-03 1.352991503419661429e-03
3.531580627168295905e-03 1.184044609036890346e-03
3.072389874432701617e-03 1.177137818246767409e-03
3.545206698618130758e-03 1.102770380533964895e-03
3.420598623051773757e-03 1.285707568991024301e-03
3.015771017089718953e-03 1.183573860953745843e-03
3.115484363661380485e-03 1.165588598333817776e-03
3.468678172794170678e-03 1.351226541128469150e-03
3.249459177823155187e-03 1.227540333768598101e-03
3.516011642204830423e-03 1.438713138310132979e-03
3.218083733372623101e-03 1.216772933436294918e-03
3.058494123251875862e-03 1.269249274642588474e-03
3.374909367266809568e-03 1.304573550717567313e-03
3.022393488208763301e-03 1.202071112778577578e-03
3.115199477178975940e-03 1.225354526068278462e-03
3.193949200067436323e-03 1.134048730846457268e-03
3.094678850175114349e-03 1.103088629424061381e-03
3.229521913453936577e-03 1.436569283474315156e-03
3.159172680170740932e-03 8.792760017944160856e-04
3.047298971068812534e-03 9.415608838266335476e-04
2.746621896221768111e-03 1.027318029259167076e-03
2.848258114681812003e-03 1.303844256639724196e-03
2.639933132741134614e-03 1.037845155146542879e-03
3.052970998396631330e-03 1.193608570502566494e-03
2.860545853764051571e-03 1.167458671006957804e-03
2.844958851710543968e-03 1.433256307585063045e-03
3.001777560712071136e-03 1.020033295922564932e-03
2.865975970053113997e-03 1.160623165460652291e-03
3.008894080267054960e-03 9.934551470065233498e-04
2.926787383330520242e-03 1.153564375112492869e-03
2.810658021189738065e-03 1.105745596376682838e-03
2.751431316937669180e-03 1.103588046526883006e-03
2.778667181701166555e-03 1.321130832552156777e-03
2.990192755532916635e-03 9.638053668567810430e-04
3.052904303331160918e-03 9.994113453145282364e-04
2.894219658628571779e-03 9.210041982594886940e-04
2.706138602661667392e-03 9.325070311624206881e-04
2.875616173696471378e-03 9.602350018241488346e-04
2.798208945023361593e-03 1.039301407043103503e-03
3.083772666286677122e-03 1.462783121549857254e-03
3.023414577910443768e-03 1.170470164644849030e-03
2.747424128756392747e-03 1.113758863148421943e-03
2.397220025159185752e-03 8.814258005561228290e-04
2.686725703824777156e-03 8.964894967203095120e-04
2.615671834064414725e-03 1.011821043850446265e-03
2.755479195911902934e-03 9.844994384802746665e-04
2.834709743183339015e-03 9.442692407111274305e-04
2.399726789008127525e-03 8.221469462863387288e-04
2.649973706866148859e-03 8.075440557341395176e-04
2.502703871869016439e-03 1.086405699443163033e-03
2.491298655513674021e-03 1.142395377769763864e-03
2.569576416135532781e-03 1.000015380987086646e-03
2.680443943972932175e-03 1.080773761138137693e-03
2.662311591848265380e-03 1.032876380493202547e-03
2.311627860763110220e-03 9.869174513658627874e-04
2.727004331973148510e-03 1.180076578910564406e-03
2.587197275715880096e-03 9.528560011035677301e-04
2.679866767721250653e-03 1.098695015048804877e-03
2.445529800752410665e-03 9.205573231849727232e-04
2.748041435552295297e-03 1.678129243874654187e-03
2.757302667305339128e-03 7.686999522187239762e-04
2.661321501364000142e-03 9.093508145300772429e-04
2.574716356321005151e-03 1.042583878735925959e-03
2.645517017299425788e-03 1.052794821627449796e-03
2.685297473362879828e-03 9.949861604043872595e-04
2.442345656163524836e-03 9.639339333736568352e-04
2.632358467963058501e-03 1.072729645977603353e-03
2.533234448492294177e-03 1.047566451825805711e-03
2.593387551314663142e-03 7.946718930246931970e-04
2.570491342339664698e-03 1.634334953044986770e-03
2.307981452759122476e-03 9.777956136070638671e-04
2.403492791927419603e-03 9.075200198389426478e-04
2.410922465060139075e-03 8.695123702835076511e-04
2.454770252370508388e-03 7.322465176850359884e-04
2.284311151015572250e-03 8.475777203890179357e-04
2.372851853579049930e-03 8.504293249891089600e-04
2.353379142732592300e-03 7.836914263775938104e-04
2.296814414876280352e-03 1.017676747576965954e-03
2.360526148549979553e-03 8.999555963262309338e-04
2.474767072271788493e-03 9.368720296501789569e-04
2.700193817872786894e-03 1.020209906304767348e-03
2.394509519945131615e-03 9.652133040485995873e-04
2.289999567437916994e-03 8.689304113741388178e-04
2.331329542357707396e-03 7.733218626148931352e-04
2.426201481284806505e-03 8.290641518302274433e-04
2.382417487751808949e-03 9.085847905198195674e-04
2.188262889831094071e-03 8.477779216358166800e-04
2.421420125756412745e-03 1.097919364242606931e-03
2.662133560079382733e-03 9.420078645497823727e-04
